35	0
-0.00466051780297067	0.007047819155998451	0.21653598224731332	-0.005126104334132338	0.0006707619943346285	-0.0024795057041516093
0.6643692583636226	0.43882079027558163	0.21653598224731332	0.0077192890910100865	0.008911368983960742	0.004650133971335386
1.769289898806475
35	1
0.003067364982209431	-0.06853481848263297	0.007826812022781664	-0.003372644666866002	-0.04688025279321038	-0.031048259057525163
0.6636991798322545	0.5068216728146464	0.1679692879462811	0.011018272156547885	0	0
1.1656409921978819
35	2
-7.839735832166294e-05	0.06553278471396802	0.0005760675828486838	-0.014683279698167297	0.025674993715910577	-0.0004828405396784807
0.6624179364878975	0.48008503560087495	0.17404583405395974	0	0.025674993715910577	0
0.6679778275265829
35	3
0.00021364662197791387	0.9435205846375657	0.14384532670473693	-0.0016589642992641154	0.013602725053975463	0.002720539176861696
0.6615529889387326	0.9435205846375657	0.2761480315514379	0.005980375940002568	0.013602725053975463	0.002720539176861696
2.406624158853805
35	4
0.19139120304553467	1.8316621372694344	-4.349627780534468e-05	-0.02475586173603157	0.004370109096377887	-0.03276781210809924
0.7936131362245291	1.8316621372694344	0.17462125083523616	0	0.005957684874707077	0
7.748977904883732
35	5
0.002936468904652313	0.18922637222796762	0.012351291757821868	-0.0044926229460762	0.017060708403584805	-0.016552389871290686
0.664446686295194	0.5612375511581478	0.18474672722156135	0.004816275504321593	0.017060708403584805	0
0.8703615772959686
35	6
0.29223418199515105	-1.691006553032992	0.005314290683764186	-0.005593184496784257	0.020394064177603533	-0.002283016626859408
0.8372879455727643	0	0.17772827077186149	0.003614604648484159	0.020394064177603533	0.0007026808982391591
3.9127290201123746
35	7
-0.04405661867145218	0.0029614749748992915	0.6452399126471754	0.007152501555627182	-0.006110724564361052	0.009255133181309374
0.6733806031536298	0.43746080141141136	0.6452399126471754	0.008611966920373916	0.00039076100347472647	0.009255133181309374
1.999792612281211
35	8
0.005883031116161134	0.03454461551683877	-0.011130715379791259	0.00033665835037082555	-0.07989117265352348	0.01784003700455063
0.6661567268319605	0.4598685313958274	0.177640357514299	0.004434157308236466	0	0.01784003700455063
0.7688609961357525
35	9
-0.050086125209538646	-0.01460627574254095	-0.0003354957653090351	-0.018918392839199837	-0.03685803264418924	-0.014117620830750096
0.6446853894959093	0.4307903136270434	0.17451946405363059	0	0	0
0.7185269043851019
35	10
0.008169113939437554	0.04644979673255656	-0.05918557896439866	0.001442890618443781	-0.07842739070165217	-0.015365510736524196
0.6532945541045018	0.4615303975066089	0.13762506578451697	0.005805423100641582	0	0
0.9017942189372073
35	11
0.00010480784727948846	0.06782012361683284	-0.015578952132058458	0.00017583510135805384	0.017314762094743943	-0.00566697981283582
0.6621906637875472	0.45994840672783477	0.16434319894325236	0.005401075112050044	0.017314762094743943	0.000670140800062057
0.9308413948162603
35	12
-0.0025130098670047988	-0.0008358432241488982	0.002613271053173793	0.0007639595833986971	0.010056015451535817	0.002078806981201492
0.6649315186295538	0.43589057509508705	0.17597050422923016	0.003495677461322501	0.010056015451535817	0.002078806981201492
0.6655454251881185
35	13
-0.10771948408970057	0.007139040557397875	0.0006539583187513077	-0.002839036079213819	-0.031621929104271175	0.004227306760377339
0.6546625173299861	0.4411547239214515	0.17512481747178654	0.006241185412958154	0.02550631003359584	0.004227306760377339
1.8740968614113473
35	14
0.01236566816921545	0.0009608201728711242	-0.012612399325357255	0.0018611583165098434	0.017732573128718367	-0.014706963107823932
0.6712123429973357	0.4380023379513709	0.16710934951797482	0.006732668537781218	0.017732573128718367	0
0.6742271066140717
35	15
0.02820935464833056	-0.0005105702224061224	-0.002014533738829347	0.004505597423310905	0.03735806673248665	-0.001511160347351787
0.6789219364180386	0.4356538453707513	0.17456357543949624	0.007737317389594444	0.03735806673248665	0.0012508916504091856
0.7238383852001301
35	16
-1.1420367318117999	0.01079015310733329	0.00033742359496792215	-0.01659937152817966	0.02454648752512733	0.004053803610570922
0	0.4408775119383594	0.17460888981656647	0	0.02454648752512733	0.004053803610570922
0.8764542781228087
35	17
-0.10336919473266493	0.07700181079269858	-0.0124752042073379	0.0008323573022533928	0.01396549918643839	0.007783959053700129
0.6400194842358908	0.41536528704295944	0.16731547055295554	0.0060085694337162175	0.01396549918643839	0.007783959053700129
2.5045591080075438
35	18
0.0025109714915095673	-0.0010778120194423668	-0.0006376907579357914	0.00017269970270552927	-0.014567981059048295	-0.005087292235751006
0.6640226635906546	0.4354825239381711	0.17431056144539545	0.006066563617868876	0	0.0001120774005430418
0.6535811423709826
35	19
-0.05716284828840038	0.0020204610528253317	0.00267962286171416	-0.006910801306912936	0.006481316447516094	0.0021948970122971207
0.6249493942381646	0.4365776160708719	0.1760719008521037	0.0031950564450523846	0.006481316447516094	0.0021948970122971207
0.6634168766018921
35	20
-0.08542136064363359	0.004322244136180256	0.5114329983469852	0.006541260905414672	0.005382700146033131	0.0013879718664382105
0.6126203581796205	0.43096582110494047	0.5114329983469852	0.010383783895587943	0.005382700146033131	0.0013879718664382105
1.5662422701759653
35	21
-0.015708323625500432	-0.0028536848491834124	-0.010853697639636128	-0.0018432314203956025	0.014564098281884536	-0.04879554156180853
0.6559137510251342	0.43420905410588817	0.1648399609649668	0.004726629565078545	0.014564098281884536	0
0.6678820861931904
35	22
0.20848651078221575	0.0006221422097524322	0.0004072401910988783	0.003081914392479456	0.015643029440749044	0.0025405342437339494
0.6910430023818568	0.43608391639405913	0.1750022196335269	0.007031304358188876	0.015643029440749044	0.0025405342437339494
4.727669501268038
35	23
0.04562073238735158	-0.03620893481748424	0.00014541258985351476	-0.007004793691916023	0.021490607099194894	-0.010734056352250287
0.6598673690028848	0.41107426587002427	0.17583505865772478	0.004929632438621077	0.021490607099194894	0.0021059649643799996
1.0541818832808565
35	24
0.009784305486605636	0.02392161112553188	0.08871114022380765	-0.0010018891743353124	0.01858500796597963	0.01572896984647335
0.6666346099760387	0.4453817563604676	0.1917236990082215	0.00533251491961316	0.01858500796597963	0.01572896984647335
1.1574484292124658
