8	0
260.9063905067484	-0.48184476397870074	-150.0	-17.476345082656053
579.2691792414425	10.825491234765863	112.3816926372387	76.8178357863431
17862.642000000007
8	1
450.0	-14.197166728110801	-140.32035183437432	-2.246037648178288
638.9183820434339	3.439065143493295	158.0652468125167	89.91893530660622
37630.28199999999
8	2
-7.89118483384572	-0.23500947900724112	-91.57357716501278	37.5
398.02606776682546	11.924471075850423	181.91313135102186	120.33269589704858
30052.77733333333
8	3
58.39006553544711	-3.2850556992780993	48.08192194900175	37.5
438.6833772069509	12.580156789648953	247.59324558880553	119.94288814616587
26613.166000000005
8	4
-450.0	-1.108626264566515	-0.17265478596643374	37.5
594.2994156101072	11.574999957211597	221.92436382766437	153.38908533272493
23328.513333333332
8	5
17.908358615129742	-0.8069397002562996	129.71666821414138	-0.7635668309091829
379.2689847609994	10.867400671835968	281.0810873376704	91.56191488090543
13622.552000000001
8	6
6.825127698414093	-15.0	-19.063170923323646	-0.42873277687550604
410.7316300342143	10.789198362412307	209.61122140425252	90.00483844325419
15505.590000000002
8	7
12.86922959525249	-4.794545044992466	-150.0	-0.5036920181953375
401.36477753211494	7.790334115757622	73.66010597475201	89.83442486000085
28654.013333333336
8	8
-450.0	2.5773270004796256	9.627382064344026	-11.529896934519583
518.9626543702072	12.191655307210155	227.92823085869867	82.1581707429736
16577.376666666667
8	9
-450.0	-1.8379883555963799	-0.4624532630702616	-4.811682610832552
41.66853138189805	9.793202055066752	223.4784316069851	87.5369481514885
20104.965333333326
8	10
-39.98844365372071	0.6374168236765505	2.140339304435537	37.5
389.0714940395014	11.295197939439559	221.90691813491688	165.52837827807218
19959.83733333333
8	11
-140.77481401790587	15.0	43.50387879780911	-19.372749470827166
328.9018514908919	27.58229778422952	236.5952200207702	76.8863540767216
19958.319999999996
8	12
-26.397737760439348	15.0	-8.111913819864519	10.292118167936211
405.9000393929016	34.68747055537205	216.04948243774328	96.10354001333707
20487.393333333333
8	13
-27.033365983483492	-0.21268926916606312	-150.0	-1.3949763659381378
409.8018918457061	10.976789141362763	33.899607301076344	90.70289519590513
26879.62933333334
8	14
20.579052892143057	-15.0	150.0	22.1686723942974
416.69921774130904	0	335.1918373990711	94.08822636930061
43263.636
