17	0
0.0	0.08532843446151009	0.9430714702304457	-21.0	0.004976168492183332	0.0
0.0	56.530765114422195	57.38850815019113	19.88628894009995	0.0241438489599353	0.0
27.047593254656043
17	1
0.0	0.21808098474402912	-0.329076600293269	21.0	0.08794614512129402	0.0
0.0	56.66351766470471	56.527777018086006	77.46959076505178	0.08794614512129402	0.0
39.03468640493837
17	2
0.0	-0.0560125347129989	0.6693902371340874	11.50594351147219	0.008779659936391418	0.0
0.0	56.57294302008318	57.114826917094774	23.358303439857004	0.045536336221031135	0.0
33.44350268833451
17	3
0.0	-0.10532793916598442	-0.45814310708598227	-21.0	-0.3546047327319736	0.0
0.0	56.45721018536534	56.805405742794456	28.128648578150468	0.1152815007575424	0.0
38.096548849585744
17	4
0.0	0.03326307916529406	0.5558265523132888	-14.023391518528879	-0.057667556379756735	0.0
0.0	56.47869975912598	57.00126323227398	38.65269468124713	0.001164993497413891	0.0
38.1694523562236
17	5
0.0	-0.550359292928932	1.231063367179158	10.184075120200701	-0.07294840591866314	0.0
0.0	56.445436679960686	57.67650004713985	40.67331593845621	0	0.0
28.165651333059508
17	6
0.0	-0.17705147643957828	0.5825281949839883	-21.0	-0.2254042852463461	0.0
0.0	56.445436679960686	57.02796487494467	22.294771446940615	0	0.0
39.34112620366315
17	7
0.0	-0.6095579490542513	-1.4544122811276172	4.820077073167454	-0.6268895349891734	0.0
0.0	56.445436679960686	56.61121825504033	38.935283038242986	0	0.0
30.85607322133789
17	8
0.0	0.0659957057554706	0.7686483110030955	-21.0	0.011263106547459429	0.0
0.0	56.511432385716155	57.214084990963784	29.153321207711972	0.015287147267413615	0.0
24.269367149753258
17	9
0.0	-0.5856099074983351	-0.7948186863511156	2.407266101421501	-2.092413717233596	0.0
0.0	56.445436679960686	56.445436679960686	35.81678872591393	0	0.0
19.27537529012217
17	10
0.0	-0.004921492463016248	1.4509231168425494	21.0	0.13799354399261096	0.0
0.0	56.50091566575085	57.89635979680324	101.49176683818234	0.13799354399261096	0.0
45.159757060162576
17	11
0.0	0.29795167099998093	-0.47873294040556424	21.0	-1.6132033939774535	0.0
0.0	56.743388350960664	57.647276288217476	51.444882592132274	0	0.0
41.94938416135405
17	12
0.0	0.061255911628676905	-0.24268530619021061	21.0	0.1454469404088613	0.0
0.0	56.50669259158936	56.728834909719936	49.58216690946087	0.1454469404088613	0.0
51.62645893563793
17	13
0.0	-0.3133144437171933	0.999000908029779	10.978521655182414	-0.06931581901085715	0.0
0.0	56.445436679960686	57.444437587990464	44.382887103453676	0.18591927505213013	0.0
60.20974007308588
17	14
0.0	0.09643609961577825	0.2720990973915561	8.961011201656028	-0.6822904837142262	0.0
0.0	56.541872779576465	56.901938816463314	42.536826918729	0	0.0
25.940597768625928
