16	0
0.0	0.47019319912170277	-0.7795580854536763	-0.0027489272922805626	0.11061995570456676	0.0
10.0	94.5459209990562	120.14845393361854	74.35725070973199	1.9777629997370987	0.0
7.2161368459167265
16	1
0.0	0.8145959049341615	-48.113812987245176	-2.1083211445860774	1.1373078291320426	0.0
10.0	94.89032370486865	99.07447338712095	73.5964290157109	2.15610845582668	0.0
7.2161368459167265
16	2
0.0	0.20927590045485753	73.73179087136543	-0.6821125130642206	6.220801882329246	0.0
10.0	94.28500370038934	168.19221372856632	74.50805642376905	6.30301151460103	0.0
7.2161368459167265
16	3
0.0	-0.27208735755970215	-1.9724143335138722	12.472563384060756	0.7583100865748142	0.0
10.0	94.07572779993448	123.33651445502258	82.9925340429426	2.328672445977787	0.0
7.2161368459167265
16	4
0.0	-4.636322688300646	0.8317988106075188	0.2195298812341988	0.4998896586664354	0.0
10.0	94.07572779993448	120.38111248283234	74.6792486173376	2.229106654498764	0.0
7.2161368459167265
16	5
0.0	-0.452564279733759	0.580760656514822	-5.950917173363166	0.7617619886865088	0.0
10.0	94.07572779993448	120.81935953490903	71.12170058811967	2.388062039315156	0.0
7.2161368459167265
16	6
0.0	-1.251047024597972	1.5909289152573902	13.5	1.3781620929350362	0.0
10.0	94.07572779993448	120.56255889197413	95	1.4869893813257944	0.0
7.954874808248293
16	7
0.0	0.005574318328777363	-11.552791118500162	-13.5	0.0004813599659116777	0.0
10.0	94.08130211826327	123.83330921409454	68.37053407722792	1.8808459090504637	0.0
8.23172686591151
16	8
0.0	0.8331391550362609	1.3050436891127255	11.952216602686853	3.5854744997723755	0.0
10.0	94.90886695497075	119.492518618363	78.53155690344789	4.235229220891567	0.0
7.437758234616196
16	9
0.0	-0.5175016159357393	-3.5362608461969454	1.9210341620345612	0.5459895012332137	0.0
10.0	94.08679333109802	118.10037664477878	75.14032475208691	2.2855636357590017	0.0
7.2161368459167265
