9	0
-108.5001622739641	0.5459988613910306	91.01902551464364	27.19966492392273
470.7690169674785	11.371490096156894	203.40071815188236	104.01750071026582
22162.371333333336
9	1
-450.0	15.0	134.4261032794218	1.0597382632107308
0	23.95480460145327	292.4913500919385	90.97867356981695
38085.85999999999
9	2
1.8025834774869791	-0.26325289480557346	30.864799742254515	-37.5
399.8286512443124	11.66121818104485	212.77793109327638	47.51762225487886
30321.97933333333
9	3
-102.75435671176574	-2.9365895444949155	-78.82952657552225	-29.182199341311687
335.92902049518517	9.643567245154038	168.76371901328326	90.76068880485418
27505.96333333334
9	4
-67.01953886253486	-0.20053339983236407	-0.2958045582622587	-37.5
527.2798767475723	11.374466557379233	221.6285592694021	65.50320800813
24376.84533333333
9	5
68.52370109765444	0.5988551758725925	-150.0	-0.32148204699269695
447.79268585865384	11.466255847708561	112.46064910469013	91.24043283391273
14300.438666666667
9	6
-10.8636513128761	3.3883707218407886	7.08335753456224	0.13096214718981963
399.8679787213382	14.177569084253095	216.69457893881477	90.135800590444
15753.86
9	7
2.8197534758063982	1.8435846452731928	150.0	0.27656701759114455
404.18453100792135	9.633918761030815	484.57864034254675	90.110991877592
32581.03733333334
9	8
-60.17065934892466	-2.4405037269009844	-13.96027912315239	16.20965479858485
458.79199502128256	9.75115158030917	213.96795173554628	98.36782554155845
19936.026666666665
9	9
450.0	0.940300728474724	-2.0763876156821532	3.5786307088941927
773.5220256607647	10.733502783541477	221.40204399130295	91.1155788603827
22909.89266666666
9	10
40.69187359117395	-0.5928553792452095	-0.49666603437249973	-37.5
429.7633676306753	10.70234256019435	221.41025210054437	47.239654090750406
20276.625999999997
9	11
115.72872757630093	-15.0	-25.16925385391899	37.5
444.6305790671928	0	211.4259661668512	116.29979500502228
25780.41933333333
9	12
0.16822095544292726	-13.62242800879335	15.927591224090028	-11.06377821794586
406.0682603483445	21.065042546578702	231.97707366183332	85.0397617953912
26718.833333333336
9	13
-1.194848657100903	0.42033088842202515	79.63579776045057	0.006264904601273935
408.6070431886052	11.397120029784789	113.53540506152692	90.70916010050641
30894.26400000001
9	14
-5.833485338696118	15.0	-150.0	-9.821822291256789
410.86573240261293	27.56481827756504	114.96011969494307	84.26640407804382
43656.08333333333
