7	0
0.0	4.420323326302568	0.19825061311126424	-13.5	17.441948392671282	0.0
10.0	98.49605112623705	95.11716096408314	46.52260099323274	17.441948392671282	0.0
7.739106570471508
7	1
0.0	-18.02832233419379	-12.287881261358528	12.194543428327217	13.93729900138446	0.0
10.0	94.07572779993448	94.07572779993448	64.26001116561348	13.93729900138446	0.0
7.97789309017744
7	2
0.0	-1.5119006997585103	0.4803812137610454	1.7460825373491111	4.7195597110703735	0.0
10.0	94.07572779993448	103.87870704276474	56.356811553305334	4.7195597110703735	0.0
7.952293302784142
7	3
0.0	0.48150834950190896	6.108754164575236	-3.6224046602967777	-4.315217871681238	0.0
10.0	94.55723614943639	100.18448196450971	53.02205014895945	0	0.0
7.5887065704715075
7	4
0.0	0.9977419350670617	15.009088654812622	0.7348930268607354	-18.84525005776692	0.0
10.0	95.07346973500155	109.08481645474711	55.446830772950406	8.645342366874392	0.0
8.618931299120613
7	5
0.0	-2.5269596261092553	8.4610624951839	13.5	-37.91856769745157	0.0
10.0	94.07572779993448	102.53679029511838	76.56910785384522	0	0.0
7.992128359928016
7	6
0.0	-11.083773058376128	-0.9217477258419349	13.5	-7.468653592729309	0.0
10.0	94.07572779993448	95.28691063494786	77.67687103115014	0	0.0
7.739106570471508
7	7
0.0	-2.2334410706205134	-9.24602574055696	4.299633253005951	-22.711076817187262	0.0
10.0	94.29182492875262	94.07572779993448	57.96102449078718	0	0.0
7.5887065704715075
7	8
0.0	2.5665902625583428	-0.6293896754656725	3.196532365589054	-7.2014724953014975	0.0
10.0	96.64231806249282	100.70240912367694	57.23083680221506	0	0.0
7.739106570471508
7	9
0.0	-6.8088008269476985	-25.214273431926195	-13.5	1.697467543711827	0.0
10.0	94.07572779993448	94.07572779993448	45.66542792475221	1.697467543711827	0.0
7.739106570471508
