36	0
-0.000114770151285066	-0.007889604429111964	-0.057082677830656445	-0.0011633698289169017	-0.026376682987314524	-0.0036067181120203813
0.6642544882123376	0.43093118584646967	0.1594533044166569	0.006555919262093184	0	0.0010434158593150048
0.7847935277142191
36	1
-0.0002538125648463664	-0.1266219327641594	0.002285889496969776	-0.008426451330647658	0.00858846231171614	0.005738568861136088
0.6634453672674081	0.380199740050487	0.1702551774432509	0.0025918208259002266	0.00858846231171614	0.005738568861136088
1.1656409921978819
36	2
4.866389443948473e-05	-0.13384098731104013	0.00017791653299445445	0.008797944986438695	-0.08049886785726941	0.00021337118359938284
0.662466600382337	0.3462440482898348	0.1742237505869542	0.008797944986438695	0	0.00021337118359938284
0.6679778275265829
36	3
0.006760544669628498	-0.4078426679217838	-0.27803732533043457	0.0004882926401855515	-0.009112310749902678	-0.0076399493742307315
0.6683135336083611	0.5356779167157819	0	0.00646866858018812	0.004490414304072784	0
2.406624158853805
36	4
-0.07655684725893872	-4.076400584715723	-0.00014664817243666579	0.005660167569808017	-0.000904440694412949	0.006025132828867634
0.7170562889655904	0	0.1744746026627995	0.005660167569808017	0.005053244180294128	0.006025132828867634
7.748977904883732
36	5
-0.0018898906748469851	-0.10472940480178439	-0.008555313413670303	0.002846193582720623	-0.02204775466893166	0.003063811806981936
0.662556795620347	0.4565081463563634	0.17619141380789105	0.007662469087042216	0	0.003063811806981936
0.8703615772959686
36	6
-0.2170797402886642	1.530242558227549	-0.006437251167062668	0.004529753743362418	-0.033834263452566266	0.00016008491829001435
0.6202082052841001	1.530242558227549	0.1712910196047988	0.008144358391846577	0	0.0008627658165291734
3.9127290201123746
36	7
0.005529403753510626	-0.0026688818436937855	-0.36813102909488843	-0.001674601275940509	0.0005981547091899068	-0.03071735004749713
0.6789100069071404	0.43479191956771757	0.27710888355228697	0.006937365644433408	0.0009889157126646334	0
1.999792612281211
36	8
-0.00669837909196676	-0.042269281309324426	-0.0013126867669098806	0.00018670370245172404	0.014636062830125501	-0.04028902177061431
0.6594583477399937	0.41759925008650295	0.17632767074738911	0.00462086101068819	0.014636062830125501	0
0.7688609961357525
36	9
0.05629797168962989	0.006572976253392934	-0.0004886374734143699	0.010747688743859493	0.006752391580415469	0.0028601448439456293
0.7009833611855392	0.4373632898804363	0.1740308265802162	0.010747688743859493	0.006752391580415469	0.0028601448439456293
0.7185269043851019
36	10
0.013060356756544761	-0.05038685495352832	0.11650667816290561	-6.522680074559357e-05	0.014367897976542678	0.003022400093881029
0.6663549108610465	0.4111435425530806	0.25413174394742255	0.005740196299895989	0.014367897976542678	0.003022400093881029
0.9017942189372073
36	11
0.0025283388789663413	-0.06466509944433348	0.029563090251597632	0.00047867263285866806	-0.04342164802472022	0.0003804026712665304
0.6647190026665135	0.3952833072835013	0.19390628919484998	0.005879747744908711	0	0.0010505434713285874
0.9161625791099115
36	12
-0.0023443953948983002	-0.0007080879106809178	-0.004046619645994943	0.004515565173552187	-0.028977824949716628	-0.0037678250048051036
0.6625871232346555	0.4351824871844061	0.1719238845832352	0.00801124263487469	0	0
0.6655454251881185
36	13
0.041318715787716405	-0.016273213602148607	-0.0021046028078786274	0.00020506647218175063	-0.003942446797029788	-0.002431874427149126
0.6959812331177025	0.4248815103193029	0.1730202146639079	0.006446251885139904	0.02156386323656605	0.0017954323332282133
0.775971745077916
36	14
-0.011617085683960192	-0.0005431075672429173	0.02494532945104163	-0.0012311877256031877	-0.035191544238462	0.0028389911603910224
0.6595952573133755	0.437459230384128	0.19205467896901646	0.00550148081217803	0	0.0028389911603910224
0.6742271066140717
36	15
-0.012093577124061734	-0.00015578721263916762	0.0001881616910871128	-0.0019361596809093174	-0.0115952638326846	-0.0017595562320061613
0.6668283592939768	0.43549805815811216	0.17475173713058337	0.005801157708685127	0.02576280289980205	0
0.7238383852001301
36	16
2.0845242411199543	-0.010895465794252532	-0.0008373385206917341	0.007617137532276105	-0.03681193834211616	-0.00804708301286905
2.0845242411199543	0.42998204614410684	0.17377155129587474	0.007617137532276105	0	0
0.8764542781228087
36	17
0.0825074157960508	-0.010342129247294012	0.018455462842534427	-2.4789109724462883e-05	-0.026355120954146063	-0.010532788203190173
0.7225269000319416	0.40502315779566544	0.18577093339548997	0.005983780323991755	0	0
0.7274957260970438
36	18
-0.00046000997724455274	0.0001974551619618416	0.00011682494685383699	-3.163858553565296e-05	0.0026688541300176477	0.0009319919375895843
0.66356265361341	0.43567997910013295	0.17442738639224928	0.006034925032333224	0.0026688541300176477	0.001044069338132626
0.6500803237342584
36	19
0.1235335816658694	-0.0011403905484315682	-0.003682255765709985	0.004757555035564133	-0.006796773362283301	-0.0031033079335493533
0.748482975904034	0.43543722552244035	0.1723896450863937	0.007952611480616517	0	0
0.6634168766018921
36	20
0.06275854606839715	0.009862201166525034	-1.1463420286432473	-0.001441825988617567	-0.007516856173558968	-0.0011291565537852417
0.6753789042480176	0.4408280222714655	0	0.008941957906970376	0	0.00025881531265296875
1.5662422701759653
36	21
0.013212025536552282	0.0009578666163071695	0.023440908593468215	0.0008522738929579122	-0.030366573214364985	0.008989633942076218
0.6691257765616865	0.4351669207221953	0.18828086955843504	0.005578903458036457	0	0.008989633942076218
0.6678820861931904
36	22
-0.08955674096212494	-0.001014541805064272	-0.0022569191955706925	-0.0009951670315485818	-0.021435837597849793	-0.0054304815464022785
0.6014862614197318	0.43506937458899486	0.17274530043795622	0.006036137326640293	0	0
0.7527483896883277
36	23
-0.006073698182731719	0.060990473051994426	-0.0029592021112780586	0.001652779827796488	-0.042029094497002206	-0.0006265053205262061
0.653793670820153	0.4720647389220187	0.17287585654644672	0.006582412266417564	0	0.0014794596438537934
0.7563890478073669
36	24
-0.00909076508076848	-0.020038968067173972	-0.037083098530034275	0.0023711358749827316	-0.037028778792329985	-0.0452722967734365
0.6575438448952703	0.42534278829329364	0.15464060047818723	0.007703650794595892	0	0
0.7170751043693553
