15	0
0.0	2.230248668654197	-10.286227854002306	21.0	-473.65526086452957	0.0
0.0	468.1989366006076	2202.2202996354454	102.16425739589229	5353.914013488359	0.0
10800.032000000001
15	1
0.0	14.215938865767674	-4.648422754269169	3.7323055027290817	2.447004516303409	0.0
0.0	477.4739504285946	2179.552586875212	89.29346549622713	5432.134837331031	0.0
10800.032000000001
15	2
0.0	7.860236339757246	-9.117576137874742	0.7133997487228796	-4.890175437857033	0.0
0.0	472.7073160041285	2201.7996250490655	87.05246144281564	5419.298573373706	0.0
10800.032000000001
15	3
0.0	-12.005377598342683	0.23465803930871051	0.0005013193840354221	-0.5488302613141692	0.0
0.0	501.1614565345628	2183.468093803706	86.67382463276948	5429.337938793189	0.0
10800.032000000001
15	4
0.0	5.817331640089756	-668.8784246575341	0.013458395307785306	28.814772987671272	0.0
0.0	470.9894657098272	80.29716367024457	86.67059016449203	5404.804657761758	0.0
10800.032000000001
