8	0
0.0	-18.982836714483494	-53.44474759010383	-13.023217617575035	49.45802080999867	0.0
0.0	58.487905197060186	125.14827797366304	5	165.61716599920464	0.0
2798.8042381887235
8	1
0.0	31.835663966380572	-1.9756545371533027	1.865079446254512	111.26257345082894	0.0
0.0	88.28110064634126	153.56293646874812	9.57972191203401	167.70801013078963	0.0
7802.6471771602555
8	2
0.0	16.301984473565952	-1.1737194124818826	0.46907498259987696	-174.0819746382624	0.0
0.0	77.09148049381974	150.5724145280299	9.38891588780138	56.445436679960686	0.0
1956.94903058931
8	3
0.0	-1.8930499427133922	7.302692994381262	0.666018978397525	14.185359998112297	0.0
0.0	64.92189277719548	154.77623257817086	8.204703973168085	131.1859459598914	0.0
2487.0431829449913
8	4
0.0	-32.84686077860992	-16.36237995630946	-0.06531606733729897	-4.630800093963989	0.0
0.0	56.445436679960686	142.9585506526982	9.033658819974455	133.47549277028028	0.0
888.3273882493554
8	5
0.0	11.464765055749414	-1.5385864063608583	-1.3784865150114858	57.89536906388762	0.0
0.0	74.33042641720162	152.42374351335675	8.296575949567009	173.1823904500235	0.0
5612.5848718447
8	6
0.0	29.695837898825765	-0.2919472942966605	4.855187031391426	10.945048881949397	0.0
0.0	86.14127457878645	151.30015471552423	11.221456282427297	141.99193807639875	0.0
4879.911208656289
8	7
0.0	3.6172790664715193	45.79856295261888	-13.5	10.423887889222545	0.0
0.0	69.19377609240755	182.04918496432	5	136.80816869002211	0.0
3353.3296114307013
8	8
0.0	-35.863868498599565	-0.19208758571890552	3.532961028033188	119.70950786783096	0.0
0.0	72.1553408505635	152.45077726135588	10.351464962088382	212.73155901761373	0.0
4053.954040887373
8	9
0.0	14.24482169593396	317.5072262299399	-13.5	-76.9664028807779	0.0
0.0	70.69025837589464	373.95266290990054	5	108.24503271626293	0.0
3406.7240436183765
