4	0
18.19232669278818	0.43618865201156565	402.1580143827066	-12.0	-11.818028715203544	-1.20824064
445.0581289116355	18.381293132779565	2666.5302325075845	75.53722729925681	5	15.386959359999999
17.029657212963258
4	1
10.120613104842207	-1.9542047317322053	-447.0	-5.77517311686812	-14.25	14.579379961422916
435.3936144061865	26.2011873055407	2201.108193205931	82.02642688313188	5	24.579379961422916
37.41878075075004
4	2
73.5	0.8419030378551134	-447.0	-12.0	-14.25	16.97078975374341
500	18.787007518623113	2265.3558475626282	70.42680867522374	5	26.97078975374341
19.791610097772285
4	3
41.42280928285031	-0.008722953762861599	-447.0	-6.314003284383464	-14.25	15.19146314175506
454.8943909731685	17.936381527005135	2525.0333169837977	83.68599671561654	5	27.75487544585814
18.181714009394828
4	4
3.4218719615851576	0.1710528711431885	-81.8904	-0.5754748369877819	2.6106	-1.20824064
443.2107878769022	18.478804636513765	2347.5935136113094	82.91024557417099	7.6106	15.386959359999999
14.579180124031902
