18	0
1.126217151286191	-0.9880571021896495	-17.44405890067687	-1.0295221080070336	-0.2746422999671224	0.011521096210202482
150	15.454739143809995	471.7079443479263	69.76360330732518	80.04745742865317	244.54922624851775
1207.291074567215
18	1
0.02707503726890419	6.128056680987646	-9.839980872158714	2.3591710549791776	0.05112828839517218	-0.5811065221807886
149.38049604903384	18.99300272968805	444.3010932760884	71.63206696022219	80.25999598052962	244.26039267360136
1180.5415774965318
18	2
1.067668864861222	1.012562773594694	-147.87595526316753	12.0	0.2929786542979633	-0.5656464098076813
148.26327036779395	16.40474542477148	348.40246075704624	90	80.09323460872326	244.8741122014028
1189.925205263952
18	3
0.10789147012822331	-0.24885862723852836	-9.07186184684658	-0.9838011883671137	0.29184504026548724	1.8626953157875206
149.5075503963547	17.389788292161814	452.61358469636343	70.2614347473684	80.38701094156791	245.00475702377824
1216.9493776571376
18	4
-0.10354024787824287	-5.088411853972398	-447.0	0.015121176683316346	0.12098216780569872	0.5233583391073813
149.44239327305277	14.481727811477487	20	70.35595197699739	80.27005056645187	244.7232238196578
1276.2403646864877
