5	0
-21.0	-26.665515065212965	-447.0	-12.0	-12.516845053336425	7.5
123.51098019515725	93.71600969660267	20	72.02067052252836	82.89025360791052	230.6896244242422
6400.0
5	1
-1.787016220666282	1.0297826142361317	65.59647619189491	-3.2383884759809902	-4.327112964572117	4.472798590594174
116.45049015674525	109.79466009799002	1401.2746236606135	61.452507860844214	88.334351275953	223.66436248363232
1329.041446678145
5	2
10.377448355686235	35.95972727382112	-302.69850007632306	12.0	-14.25	3.493326727468987
123.53341513335107	130.01796204895066	1275.2728136347177	67.16325834755796	76.27751388696942	227.42236353394674
4609.417055014632
5	3
-5.870949726769393	51.0	280.545354295852	0.3931424597989706	1.805110044055887	4.080839925898954
117.28062084178526	178.95932116269157	1485.2863449642523	56.752250029344594	92.47775081808163	227.63893906127888
5787.905283645187
5	4
-0.08266192965867411	10.791257119562717	-60.86919416667645	1.4128860340010747	-14.25	0.06300877068534372
117.78963224914268	114.55152183129803	1398.8879255029326	58.23726098942323	79.13476966892226	225.03582669290122
1757.2369616796684
