23	0
-38.87929186482879	-1.2188339401550656	-11.66643389812425	-1.6999561900823137	-2.3403402660552337	3.6445390826353004
0	9.822137247054524	23.644299164696374	24.192282114738628	27.70275864634591	81.45636019061872
111395569.41115144
23	1
-5.992085766222839	4.443172887627902	-0.06876713581543226	-1.535918185468263	-1.942019935269042	3.5472565880761877
4.001881021589998	11.56937714714477	14.429059451835599	21.15312589425628	28.38180319849476	82.51737992663618
97986516.44746473
23	2
1.2105833082973427	-2.072197550267789	0.7102813306133778	-0.019241373474652983	0.6084296075500746	-1.070335119570043
7.462473696426658	9.238924449010536	14.829840755277559	22.139141394162703	28.620650786072435	80.0369487679394
75450237.59730603
23	3
-4.98271568375755	-17.146463231647854	4.352568268138781	4.705403445365394	-3.418510246175032	65.55132764034829
5.880236409254704	0	15.278078767264685	25.460219467529846	26.808665370774182	119.86085737507547
97761727.87575744
23	4
18.683514858653137	4.754802406465636	-7.942799632381748	11.817127164641862	-2.683193405470522	-0.3235434245773454
19.350413969703222	11.802262076858318	35.50695177262281	28.404115048895072	27.639705187956796	79.58759964633653
111325522.76787278
