3	0
-3.8472	-33.55402522176212	-447.0	-12.0	-14.25	7.5
146.1528	69.70886534711022	1299.3462778656892	31.303465798824455	81.40389481008678	241.62241332622244
1714.1938206908633
3	1
21.0	-12.293425304024566	447.0	-12.0	0.6660176060750379	7.5
146.68419985545043	94.57259546373254	2405.862669807372	38.91255775124209	89.31178344474758	250
1291.3036818981798
3	2
21.0	-51.0	-58.08918474267112	3.698728231310926	10.89597881701931	7.5
150	10	1808.2514615214732	57.49883724454345	83.66261616826927	250
2151.728844956329
3	3
-3.8472	9.3432	-81.8904	-0.6436776634336595	0.46930106896048945	-1.374
146.1528	19.3432	1798.3148262174911	54.6031711398685	90.42693858116812	235.72835426844026
1216.9493776571376
3	4
19.263026186856006	-23.422520666983885	420.4412381647852	-2.668016850205266	-14.25	7.5
136.96623967550593	97.82682262944637	1880.807733739458	64.89633423820099	83.13459007801586	250
1707.7629659226393
