8	0
0.0	1.0824698663293275	-1.0705329450708347	14.426929830296192	-17.91962174917782	0.0
0.0	57.52790654629001	56.95340839249119	21.94260131115811	0	0.0
83.08093154178788
8	1
0.0	-6.476614251384611	-26.235695531336038	12.59312482029117	-3.859969195249486	0.0
0.0	56.445436679960686	56.445436679960686	19.688445642183357	0	0.0
39.03468640493837
8	2
0.0	1.7410616979164657	9.38991075138627	-1.4431872530041743	0.32094996446495483	0.0
0.0	58.18649837787715	65.83534743134696	11.43447242496621	2.1121489893030825	0.0
35.33870252240143
8	3
0.0	1.9634553303649183	1.552378023130974	13.189002778216999	-25.8687161555671	0.0
0.0	58.4088920103256	57.99781470309166	20.026685928956677	0	0.0
107.60277305651877
8	4
0.0	-5.360027197714692	-6.877538690034237	7.8785436173450005	20.686668988902294	0.0
0.0	56.445436679960686	56.445436679960686	15.072252228740416	20.686668988902294	0.0
47.320645368405444
8	5
0.0	8.19263842168261	-24.851575304268273	16.04188179144233	0.642759233252015	0.0
0.0	64.6380751016433	56.445436679960686	23.29600078228106	0.642759233252015	0.0
99.4559317920484
8	6
0.0	-9.31644043848834	-38.941970637054816	12.018631750220209	2.6908238483431144	0.0
0.0	58.027123671894046	56.445436679960686	19.036031607639696	2.6908238483431144	0.0
39.34112620366315
8	7
0.0	-1.7324013931908757	3.388087107782733	10.46864466849656	-6.796583785357863	0.0
0.0	56.445436679960686	59.83352378774342	19.0069880917864	0	0.0
48.88657998025965
8	8
0.0	-2.4381093477890663	-31.053650457791655	8.942927841620492	2.9155815751157608	0.0
0.0	56.445436679960686	56.445436679960686	14.805396760685841	3.654691199645468	0.0
63.8660405921471
8	9
0.0	-15.929529605690819	9.036976755171167	5.347829430046252	11.733748985058831	0.0
0.0	56.445436679960686	65.48241343513186	13.016464517211983	11.733748985058831	0.0
81.97761616295188
8	10
0.0	2.63308184513098	-2.045254588447272	-1.084049089586161	11.765251402810051	0.0
0.0	59.07851852509167	61.585267592465854	11.53883158333196	11.765251402810051	0.0
58.803784955443355
8	11
0.0	-6.933240016289856	9.562174904578296	21.0	20.78537362334067	0.0
0.0	56.445436679960686	66.00761158453898	27.341673727386578	20.78537362334067	0.0
76.0057257732756
8	12
0.0	-2.6241752240273493	-29.965975310065975	-0.6011885205598615	-17.462374401297115	0.0
0.0	56.445436679960686	56.445436679960686	11.790286556484112	0	0.0
91.02936328927176
8	13
0.0	1.846410779980099	2.3677365424286045	-1.6701619314401286	8.967402269743891	0.0
0.0	58.29184745994078	59.239562750414116	11.382754259520787	8.967402269743891	0.0
105.0781767051964
8	14
0.0	-3.7516560791783222	-20.624161131183378	0.8969489955745236	16.20994217984422	0.0
0.0	56.445436679960686	56.445436679960686	9.103009555967908	16.20994217984422	0.0
107.57768519990196
