12	0
0.0	1.0466614871507616	0.5283270882916182	11.758638632136538	8.000392508833789	0.0
0.0	57.49209816711145	59.09598001835538	97.59988753968194	8.161453903813907	0.0
4799.842986318386
12	1
0.0	0.669125044892132	2.094476269595196	-1.1776685073697015	5.3868545600256	0.0
0.0	57.11456172485282	58.539912949555884	96.41835986556121	5.3868545600256	0.0
4944.9988262204315
12	2
0.0	-0.4036773622498481	4.064217476608825	0.7862200014578817	-2.284622040764844	0.0
0.0	56.445436679960686	60.50965415656951	93.66203749672138	3.4393142360732294	0.0
4546.46478211157
12	3
0.0	-0.4346346164146201	0.12367408371693567	0.06751264179449411	-14.560664826724372	0.0
0.0	56.55179236329198	58.10998509359199	93.04399061726927	0	0.0
4711.026488870749
12	4
0.0	-0.1184619447384622	-1.2050467427456122	-0.004404547874956799	-0.7128169993115268	0.0
0.0	56.65820496066125	57.51154576992163	93.02811499444385	4.342893727093758	0.0
4431.079537676195
