23	0
0.0	0.01217865695003845	0.04333052149752767	3.727125127307766	-0.0018277477533354689	0.0
0.0	56.45761533691073	56.76084370418257	39.29675631554938	0.0021601731221704244	0.0
27.047593254656043
23	1
0.0	-0.010583772657235403	0.026135469949373467	9.026305692888396	0.005644011360025823	0.0
0.0	56.447233989380805	56.70994943294846	42.357212315491154	0.005644011360025823	0.0
39.03468640493837
23	2
0.0	-0.02115789233181382	-0.08157127155986969	2.0251522254148564	-0.0006988446532028559	0.0
0.0	56.445436679960686	56.69405192900894	38.34108994626152	0.001584980839810678	0.0
33.44350268833451
23	3
0.0	-2.2165845313386263e-05	-0.04138951669228544	2.1483111815856057	-0.015115480424942502	0.0
0.0	56.44549768068863	56.72373805726385	32.14881621526299	0	0.0
38.04468604399741
23	4
0.0	-0.005635380924361919	0.03635893951837334	-4.684481081479989	-5.176175874002512e-05	0.0
0.0	56.445436679960686	56.75744734616776	34.32154665660519	2.742387580789208e-05	0.0
35.60707624446235
23	5
0.0	-0.10357074089273635	-0.023108206123579667	21.0	-0.005181459537558436	0.0
0.0	56.445436679960686	56.75480719127191	86.79051811638996	0	0.0
28.165651333059508
23	6
0.0	-0.0031772668010015496	-0.037323238178838807	-21.0	-0.001860117789662706	0.0
0.0	56.44651784487647	56.70856348669138	21.611887985741802	0.00041549452380353936	0.0
39.34112620366315
23	7
0.0	-0.04020176467525556	-0.3604256001063636	-7.000454091326796	-0.03584222986628306	0.0
0.0	56.445436679960686	56.49505389727683	32.33698916267709	0	0.0
30.85607322133789
23	8
0.0	0.002923607005685298	0.08789871958884861	-0.33871539468279666	7.560637558827883e-05	0.0
0.0	56.44836028696637	56.74957463145622	37.32054442443616	0.00011156793835028026	0.0
24.269367149753258
23	9
0.0	-0.0028049462472157878	-0.31457302139169785	-18.806362902695916	-0.09875773413700381	0.0
0.0	56.45015455109141	56.56271435544614	27.396714751330435	0	0.0
19.27537529012217
23	10
0.0	0.0019171631046119137	0.6804261523738071	-12.720560503960172	-0.00654542425735088	0.0
0.0	56.4473538430653	57.21043210440645	35.423394777693915	0	0.0
45.159757060162576
23	11
0.0	-0.10728267930915482	1.1928765264799033	3.689385535176739	0.00694417691388999	0.0
0.0	56.445436679960686	57.638313206440586	38.82758540041216	0.00694417691388999	0.0
41.94938416135405
23	12
0.0	0.0009561373801202644	-0.0646093188758571	-1.2646924771042398	-0.011456716144012126	0.0
0.0	56.44639281734081	56.69048390755353	37.40061288675124	0	0.0
47.13855763628502
23	13
0.0	0.009006082660272368	0.11575862727124428	-21.0	0.01746215614302522	0.0
0.0	56.45444276262096	56.90305865245332	19.09924905472397	0.01746215614302522	0.0
31.79211521265049
23	14
0.0	0.0057221027427030785	0.08232035385104032	-0.7015056310998011	-0.03131376377154656	0.0
0.0	56.45115878270339	56.743247915772336	37.21281427192228	0	0.0
25.940597768625928
