17	0
-13.948807251154685	-66.80462411342364	-33.23050880363374	-11.102014365796474	2.3209050811197662	7.2476913069137145
34.20421362638991	0	16.87565419043255	29.771999827495986	29.6772881154621	66.58438299702983
1320335090.6144836
17	1
1.4529171758601391	-2.5889684679006053	50.54391362003126	-5.847061667081993	0.07893809659273465	12.82114955919346
30.497557872360158	32.76034542578372	50.54391362003126	33.55031505014386	30.58309992352553	66.16787959772356
530110226.9605567
17	2
104.78285076026214	-46.012059339107594	75.02702208309627	-8.454121252662596	0.5516226880595724	8.50552869167678
104.78285076026214	2.122893868214774	75.02702208309627	32.07179322208527	30.058362080400766	65.8755203033031
863500973.29115
17	3
-0.10563048795007118	-23.48944801795035	-12.643147252902331	0.27172111038480523	21.359050753735684	28.803177170901524
33.524840615420295	29.224455122756098	10.968431367382681	35.05587813364478	36.951547772562364	73.52325948350666
715267717.8068038
17	4
-1.6022287256194743	1.0638258323708403	1.4934676954089017	0.9391496209539976	-0.6627838925028217	-1.496741826572444
32.88691154453239	33.90375930090854	21.205548040241702	38.27636141976204	28.68593418878949	60.380500405963254
508384126.8452367
