23	0
0.05948572674796393	-9.080730987956876e-06	-2.9498535428365263e-08	-2.3880120415275924e-07	1.6758622576824815e-06
0.4261536705865623	0.4999951681349343	30.000000033585174	249.9999997611988	100
50.416
23	1
6.287467561916587e-05	0.00018476680263508125	-0.004486077831965155	-1.9621746088516743e-05	-7.628258317501489e-06
0.40005237639450814	0.4997310241956225	30.00052228593158	249.99998037825392	99.99999237174168
50.416
23	2
3.166147731541557e-07	-2.6274744658305727e-05	-0.39332285581140136	0.0012320230676199089	-3.6257123336655507e-07
0.40000018639784374	0.499985904833978	29.93818971752076	250	99.999912762938
50.416
23	3
-1.5481501608369766e-05	0.0026845379669458687	-0.041077118261916325	7.549297992511517e-05	-3.105475575096008e-08
0.39998194972498585	0.5018338812063271	30.006212828201797	250	99.99999996894525
50.416
23	4
-0.00040563789178219614	2.3086401141017534e-05	3.9704260390010067	-2.472257149374117e-06	0.00020969344031765598
0.3998172106388441	0.4999785607063725	33.22755183244763	249.99999752774286	100
50.416
23	5
-0.006527929728522942	0.0005778266764719167	-0.16473766331610468	0.00042898088459800935	6.381675926497038e-05
0.39541748021699463	0.5004126675559483	29.882077707011717	250	100
50.416
23	6
0.00030052867681387013	5.313688881676249e-07	-0.15261347378911935	3.194380260345925e-05	-3.4161042883132583e-06
0.33393097066317917	0.5000003446839124	30.208128285435286	250	99.99999658389571
50.416
23	7
0.005776917047814571	0.00010495001944481191	-0.001135545988825428	-2.9266932312370254e-05	-0.0002582115313349463
0.4034332445160864	0.499993080589594	29.99950783317467	249.9999707330677	99.99974178846867
50.416
23	8
0.0035805290756550307	-2.544937576428369e-05	0.019177720105868976	0.00012616356076664071	-6.727139945094974e-08
0.4020682990754809	0.49998791940875825	29.974621974805956	250	99.9999999327286
50.416
23	9
-7.134743690442202e-05	6.295739959672565e-05	-0.00641168719078307	4.148647783742065e-08	-8.452873247912584e-06
0.3999624228715879	0.5000288997422377	29.998211023148563	249.99999973083405	99.99999154712675
50.416
23	10
-0.00011598077645567193	-6.862989287685883e-07	-3.1037932452049004	0.00010954740154142056	1.418882993548332e-07
0.39993828995265585	0.4999995692402253	28.20301342993037	250	99.99999890159098
50.416
23	11
0.15	0.009204868711395189	-0.007081784011487417	0.0005817053769454631	0.0005077121224391432
0.4832057871778038	0.5051417761576729	29.99742319945436	250	99.99985828575386
50.416
23	12
-7.021557489554853e-05	-0.002908902658431232	0.003941838537287836	0.00024147169159970073	-9.333872175997731e-06
0.4000421320501553	0.5000378635579876	30.002427670313565	250	99.99999066612783
50.416
23	13
0.001875298976793361	3.8037266697576457e-06	-0.0029689409120617766	-6.248368944950418e-06	3.219138629179106e-05
0.4007110980069199	0.5000007080698363	29.997902915448634	249.99999375163105	99.99997243571035
50.416
23	14
0.00118886010978847	-0.004266740125004995	0.009547061803648192	0.00013274695305835754	-0.00017342669245371903
0.4002010017437645	0.4975415795626023	30.00256624787388	250	99.99982657330754
50.416
