3	0
-5.662229372503745	-2.3284011857861957	-53.161106406933214	11.922577975532425	-12.774693892749617	0.533470316818295
10	17.014798814213805	2066.6736492527257	41.20265680510129	57.471889216905645	201.9074703168183
3654.4557820467244
3	1
3.8472	-30.68977483101615	66.41340247025337	12.0	-14.25	5.982881031540732
13.8472	10	2380.546315502348	76.28910259028271	14.791728154796544	205.98288103154073
3951.1782456775254
3	2
-21.0	2.3276124732371697	-91.85551800615372	12.0	14.25	3.3778922410231376
10	12.32761247323717	2634.0806550442467	46.71292501272339	57.96741348459065	203.37789224102315
3704.235567424734
3	3
3.8472	-1.741872645330519	58.12708817294077	-12.0	14.25	7.5
13.8472	17.60132735466948	1588.8709971654873	22.620212509360588	62.87975766049097	208.0653221963502
3673.574945628236
3	4
-21.0	4.481085105921995	447.0	0.453504001075026	-3.3125332487048977	-7.5
10	14.481085105921995	3000	35.558054681134664	53.92837639089551	200
4101.288301946746
3	5
3.7332602983467087	5.071892662067043	-81.8904	-2.1984	-2.6106	1.374
13.733260298346709	15.071892662067043	2300.606990536239	33.6963832437928	53.232916791122875	203.93603621435926
3612.639712933885
3	6
3.8472	-26.899296627733595	188.6510519762933	10.667260731682939	14.25	5.229170737576585
13.8472	10	2174.211194715565	42.95111392210003	59.22888914980206	205.2291707375766
3750.5995281238506
3	7
3.8472	5.006360428246083	-447.0	-12.0	14.25	2.5194758796071905
13.8472	15.006360428246083	2036.5875318726398	24.566779792293623	64.55672070535667	203.8934758796072
3704.829687459571
3	8
3.8472	-29.887056382625047	11.906148715701818	12.0	14.25	6.073680912979567
13.8472	10	2048.7839318062133	46.44466630572994	84.73187228327005	206.07368091297957
3893.327965815004
3	9
-17.460799177007374	2.474425674256162	-447.0	-12.0	-14.25	-0.13746601482887402
26.70075336104629	12.474425674256162	1573.0156496245668	10	41.791049680095554	201.23653398517112
3775.6074305714073
3	10
3.8472	4.4648701094729155	447.0	-12.0	3.040051412420306	0.22908129938231975
13.8472	14.464870109472916	3000	10	55.078296186767616	201.60308129938232
3996.33930304389
3	11
-21.0	-3.1395240736808874	162.8545138834441	12.0	8.116574366449507	1.7979864509929993
10	10	1935.2882277346673	38.496784959837825	50.749332524961304	203.171986450993
3781.785938181207
3	12
-12.100019044654234	1.6765001354562379	447.0	-12.0	14.25	1.2807715039917449
10	11.676500135456237	2771.8987517313844	10	77.98871151172546	202.65477150399175
4004.6906673430008
3	13
-1.4395973507658066	2.26017166994694	-447.0	2.762533323245123	4.781525121413554	2.569630453139041
12.407602649234194	12.26017166994694	1685.502670219612	16.066395265077873	27.528664409790856	203.94363045313904
3669.0120413529407
3	14
-21.0	-19.180931386224703	-447.0	-0.6540176910989395	14.25	3.4936496293772286
10	10	1814.9542477134762	32.840347223297286	86.23275612650096	203.49364962937722
4209.683009817477
3	15
3.8472	-28.551774877427963	155.61244679347323	-1.3067522368102045	-14.25	0.9454144418071271
13.8472	10	1939.6574632427323	34.15252372673765	5	200.94541444180712
3908.162700944763
3	16
-6.310100402916989	-15.38782798338732	217.40607316377864	12.0	14.25	1.0501778632659657
10	10	2409.8222953482195	39.91746987170794	64.81857716170181	202.42417786326595
3647.1630455383797
3	17
3.8472	-4.005929185106236	-447.0	-12.0	5.738685794520656	-0.16555578868265117
13.8472	10	1275.565076632586	18.646370038944063	48.298006375471424	201.20844421131736
3723.908591094836
3	18
3.8472	5.406907710540952	59.76069028991434	12.0	14.25	3.3101233443532228
13.8472	15.406907710540953	2194.9955249362442	39.045054425006626	68.09578637404474	203.31012334435323
4018.7069974818673
3	19
-1.6553585882500375	-12.296105406939471	447.0	-12.0	14.25	6.9729938912289775
12.191841411749964	10	3000	21.628208175659804	61.8528731676159	206.97299389122898
4064.1828450728804
