12	0
-6.421301403659335	0.050644034244376655	-15.372147886452646	0.11133176844185907	-4.512352717967402	-2.802557715725375
10	10.050644034244376	2039.6742689153257	46.48756430604052	89.73194591155669	204.34169921058967
3654.4557820467244
12	1
-0.16556016101437096	0.09201501006006074	-447.0	-7.2458143037750204	-0.04039312597608841	-0.044678956055412666
13.764258204869513	10.092015010060061	279.9561252052017	56.61848953045143	84.7030519165827	206.05469498021864
3547.521825342288
12	2
-0.1845978187891224	-0.22019559599892422	-105.92019914312205	-1.2962899967123276	3.0206788841549645	0.017835467823369353
14.17599825799231	10	1976.1122120557668	47.11719464252915	78.07974229660292	206.0852102814122
3704.235567424734
12	3
-0.09232146302041033	-0.40920533094268785	-447.0	1.182533318992687	1.9801653289047583	-1.060037250559196
13.766817825691925	10	1777.0599931661388	47.131729909865534	85.19729479133264	205.47308641274816
3375.2006603057052
12	4
-1.147984038264777	-0.11316695565151635	43.488256108207615	-1.2057216401169926	-14.25	-7.5
13.9346907917825	10	2050.379591834452	45.85443989640461	72.37058703106914	200
3491.7959788567514
12	5
-7.678846943724414	-0.017166530591469453	25.385590904517056	-5.0172680285627695	2.3066658693747155	-0.4969042346537336
11.997366002799511	10.001764513133391	2060.6109869800207	43.321310774584894	86.32229180683625	206.62864570223712
3469.407446587505
12	6
-0.3461759407767114	-0.13101810294773905	-32.744868469201386	-1.3906806498758943	1.1947605269598254	-3.297368697783476
14.525420421980316	10	2027.174396208514	45.563757943325	85.48679146953948	204.0561525566196
3636.220489568163
12	7
-0.24406583629673506	0.021093636650659824	47.07880724158764	4.787923186617691	4.38717078808275	-3.588760852334825
13.723273537364806	10.02109363665066	2065.17785279789	49.056401978197734	87.6203836355393	203.30738828389605
3704.829687459571
12	8
1.631392072950074	-0.1075295283529597	-7.908417927192758	-0.2547147245752394	0.01801714984314699	-6.404667953992083
13.928652053440212	10.171361247367917	2043.2016759867429	46.37652546272792	84.73486595379677	205.80987046864777
3257.6996768868066
12	9
-0.2726052336664471	-0.12547399626663241	447.0	-7.338833074615961	-0.053719922021422686	-0.6692650920309022
13.778274438895343	10	2738.2613482314355	43.90920227160441	84.69984246653975	205.6452919208053
3531.2683250698974
12	10
0.7151433132146465	0.012917695355075452	-447.0	-1.4354631746715634	-5.229114507088356	0.3759633455682625
14.348100725059265	10.026845139851511	1761.2882446119793	45.5094070009333	81.00672053675537	206.35419257655465
3461.995934613658
12	11
-21.0	0.014280731281322115	417.98236736688966	-12.0	3.6121089176685546	1.881505860645267
10	10.014280731281323	2331.179984360003	19.738764116906523	83.2192533666257	206.86164400160973
3448.225229584805
12	12
0.7696889590215997	0.0038970003273175353	-216.75988759714383	-2.423319232544298	-1.7368379336972009	0.027638293265324732
14.3661765778476	10.075886022463253	2302.2707179028725	48.297562894117135	88.26357590105884	206.08908408996584
3389.4609849293247
12	13
0.18154594443627448	0.02871171385585907	-8.774073935741926	-12.0	-0.018348229237128755	0.8603647690867118
13.732845222273257	10.02871171385586	2045.1225217504011	32.6791636224058	84.72924404939758	206.64809846045236
3585.9809097019006
12	14
5.194904579475624	0.0499171438969216	-1.0064207157866047	-12.0	-1.4895516948533527	0.8135725996970921
17.417849636620424	10.049917143896922	2048.5808654668676	43.822826134958824	83.7352682628723	206.59685600836357
3643.2372475997663
12	15
-3.849071681810905	0.11184015368736967	79.89316062559897	-0.7826221736855878	0.6321700899410682	-0.20060749436455588
18.228379034485066	10.11184015368737	2104.3364157256556	46.41918785218881	84.99199179243108	205.93887550040364
3614.5676254492496
12	16
0.043316241641546224	0.12498077194720476	74.60620652323126	-12.0	-9.241044351447208	-0.03552468624518678
13.816592584228225	10.124980771947206	1941.2499954485745	10.434943944301153	78.31907040821	206.06542795570584
3551.0512513815593
12	17
-0.003664780081950476	-0.05042444933097369	-67.27242671824064	2.3641504931068607	-0.15169195776088323	0.18222876677639657
13.844217365673753	10	2040.2169014602214	47.29918821663757	84.53754897997527	206.0268502738676
3664.8759986919445
12	18
-0.015664992312039317	0.0066363303224087145	-56.040736163559664	-1.9248159191746192	7.618088906355371	0.08019303958752445
13.842773455563334	10.00990475684977	2018.0700650076358	46.498835284322155	89.63848754805711	206.12831914325952
3447.1396987047183
12	19
0.2905248659931086	0.058621438903661706	178.99141976632265	-0.03218969680716534	14.25	-0.0719045910617466
13.928063458852725	10.058621438903662	2173.166872252637	46.56681129187874	98.31277437697233	206.0202011577856
3578.1031873681845
