25	0
0.03402281939222771	-0.024322920179449873	0.46352800247054493	0.009546391423420886	-0.09024717738035161	-0.016862684987482855
0.6809131395647917	0.43662944754061306	0.46352800247054493	0.009546391423420886	0.04928048327483152	0.039258142632255945
3.6886516148539608
25	1
-3.2564658465880942	-0.0075647673928339884	-0.09781860059825108	0.03305230897039944	-0.04849563954136866	-0.09421203674425602
0	0.4632847820208159	0.16548402600406042	0.03699607345079699	0.08219212855177996	0
28.265430721020163
25	2
-0.003204538608524005	0.001888895607891235	-0.0034322157550386485	-0.0035400181634576726	0.008678105583402596	-0.0017828372019385193
0.6546807918718055	0.4646081349098898	0.18656194808516896	0.015783225086857134	0.11690364029948525	0.03473181984810019
1.9859089916151667
25	3
0.009075975644470956	0.726286488461078	0.0038792654170353184	0.022944333663871917	-0.04460095549450527	-0.025886621037568107
0.6621264389521415	0.8605472045056165	0.17921222503279688	0.025627622638524243	0.11811899900975037	0.0227931024794469
2.8401471429966043
25	4
0.12489986695508098	-2.539204455695573	-0.08185312593079863	0.0006668517367850678	-0.027759996217558435	0.0053139759766880346
0.7455834218533672	0	0.17151399163624703	0.013090066683995758	0.09658898095616987	0.03744082112249003
7.748977904883732
25	5
-0.4383573410714717	0.012070355050578553	-0.014627411041612156	0.01936742728930314	0.2070923252343646	-0.048279845944783906
0.4385939975600956	0.4663766129005017	0.17861082033243172	0.025498614183260916	0.2592106057439249	0.0336912285562429
3.84045922551775
25	6
-0.3136095390893763	-1.2304179727558582	0.07864815306957154	-0.0009614598967587057	-0.028589258223991852	-0.07208212056594888
0.4360077496880008	0	0.21167581495810361	0.008920084867285896	0.0947787539367608	0
3.9127290201123746
25	7
-0.11669814255935482	0.02934523707826897	-0.026414998399690377	0.036461316625679877	-0.02355672013854741	-0.015231602580689587
0.5992825199062991	0.4758843033398106	0.17618022008696643	0.036461316625679877	0.11926521710992248	0.028656545480659306
3.104793849036538
25	8
0.2413582828615904	-0.8123988704709031	0.00380361495495341	0.02108394414426838	-0.008810150844658065	0.10689196883293921
0.3994061587084538	0	0.18686767941421267	0.024590145061473986	0.13070348644439858	0.10689196883293921
13.309581941414093
25	9
0.05101344712489218	-0.029397090828774265	-0.22497542275952753	0.012561393412917364	0.05178933278255148	-0.06789914662210784
0.6599886607169495	0.4417697386117732	0.048795701717901596	0.012561393412917364	0.07325278707434732	0
3.02847427185312
25	10
-0.3891927985462732	-0.38244500331316134	-0.005619908440337194	0.02740033135451795	-0.05201969782713894	0.0154195257431936
1.0187158459682295	0.20885366735663258	0.2692032413763543	0.034965582536687884	0.0838193333208965	0.018464396186991416
11.196179213715073
25	11
-0.5609253514411227	-0.6267701737969025	0.016156109027550967	-0.00997477548482361	0.43435456803715844	-0.03286769334089409
0.36170715785252006	0.1159279434652487	0.17860890134828541	0.01362108616079568	0.43435456803715844	0.08897158856973775
5.304666028252168
25	12
-0.02290124695097894	0.004985914462581439	0.018301607633445113	0.03983401960476808	-0.0029618771738365536	-0.0006776840659687851
0.6450624694708452	0.4639348856816722	0.19529374970780577	0.045833878133077016	0.14316649932180708	0.034103410434785444
2.8974918446431053
25	13
-0.8081182419891279	0.0001267121379531725	0.004387733072929387	0.020149985034948945	-0.009946973202800838	0.013623291289802934
0.088287763337627	0.4724532497142116	0.1855961935923234	0.02520126715906918	0.12675568347178845	0.026114469623535735
3.6868105117240733
25	14
0.022629566154204334	-0.006622933289741792	0.007268230924110432	0.05257203418145336	-0.008852600851120572	0.10699321738421091
0.6689192485179617	0.4600696220069432	0.1917185778108572	0.05257203418145336	0.12987443962717118	0.10699321738421091
3.054662376351857
25	15
1.1492436456624513	0.4383333691965819	-0.04543098321142389	0.028482060712568542	0.12749566741952809	0.0876686595493897
1.1492436456624513	0.620527321941945	0.17243672624308676	0.03776123957454243	0.12749566741952809	0.0876686595493897
11.87727039693756
25	16
0.03732764373921835	0.0786238802373277	0.015625792084665517	0.008211570117808488	-0.034467587679131856	0.05617403887207277
0.7204735813163495	0.41229551357308414	0.16938082589382603	0.008211570117808488	0.11056302820180983	0.05617403887207277
2.74227067907671
25	17
0.6498054410431251	0.0023979376879244025	0.020862375503082144	0.022401170960670312	-0.3916042503306383	-0.09145899445719072
1.0085746480354931	0.46229616637026044	0.1846348607134133	0.031549431749289425	0	0
2.9941892912817587
25	18
0.3545346406469031	0.028195077476949146	0.10092214916904345	0.014354747181950704	0.19268138856939676	0.0008114765868077393
0.9007653163487223	0.47846830023796544	0.23709794914883692	0.019460050423348862	0.19268138856939676	0.02285276437728636
3.8469856880419973
25	19
-0.05736277162944399	0.30922430213109686	0.034654502629442176	0.031835494953317646	-0.15549359728887294	0.008213167803430533
0.6106355289195908	0.47506139698520855	0.19871049572333432	0.034045882055504614	0	0.039595073374264156
7.165641434502655
25	20
0.06234193247886666	0.36105185477170676	-0.8375538516702015	0.0329790460320504	-0.05285886785398408	0.02812414111634088
0.6981469204409372	0.6880997652782574	0	0.03807903000800246	0.08470164450090772	0.05272577131074663
2.733829652336674
25	21
0.029062800711673296	0.0006843426141805106	-0.5785824089569931	0.028791012299073007	-0.026959899390143236	0.03589743135707518
0.6772611068059564	0.4418518480712637	0	0.03672223159071715	0.11668433465425457	0.05636294813515163
3.9375745538635116
25	22
0.4556721258362609	-0.2639980056029961	0.02218380183043253	0.061098274625827544	-0.8268879976006979	0.015095210508762929
0.9150482223763223	0.3519656831096855	0.1949186763493612	0.061098274625827544	0	0.035599205507044054
4.727669501268038
25	23
-0.04250305128642765	0.022715566093023408	-0.011895353298945918	0.0007729948016281538	-0.023502997537331403	-0.092993925499094
0.557279384046894	0.4747557766533471	0.16911535913548287	0.0052445757591007905	0.11060639776858458	0.0019246061199426762
4.177601669013104
25	24
1.9024524071967084	-0.05764996561924049	-0.13952640001404887	0.015521298799049739	-0.09349868829777663	0.11326675499356305
1.9024524071967084	0.47572196452420024	0.09681704661119991	0.01992641925183655	0.18386375474537298	0.11326675499356305
11.143146389384635
