23	0
0.9320343697865379	-0.7772195458978304	66.16003579041522	0.24696115098830246	-0.005605475709484904	0.34774324300439874
149.78273962383116	10	494.2674817386861	68.39433196073533	80.15114305063312	245.15329348644752
1186.6730846678693
23	1
-0.0007694999355499065	-0.38336184618971936	2.3913071381247435	-0.7780899235463372	0.004790694495826397	0.009235626604365837
149.3716395625039	10.330494200699874	451.40797801024127	68.04668477431751	80.15758479520697	244.92930191568266
1163.130938466126
23	2
-1.5551432364536537	0.4077480216270405	-148.9234392477771	-5.891392133601967	-0.12179461283669309	0.14661670806145438
148.44485676354634	10.407748021627041	346.85043493256603	64.48988967826051	80.24663279727578	244.9158554987607
1195.7942024965828
23	3
-0.0778701314940332	-1.6274866887726518	-1.2710931133057755	-0.20249899345559458	0.011956216705141711	0.7151345044167206
149.3552343783496	10	446.5054386741815	68.70512875310573	80.12832656642898	245.14736002686243
1190.4002453439227
23	4
0.18388613163558154	-5.198988937934432	-96.66757939487655	0.7943975885350459	-0.1661013371905244	-0.484209505387844
149.37254095742537	10	382.6507538916042	68.86780895786725	80.06740019074721	244.67246567626484
1304.9604223000256
