1	0
0.0	-203.20357204785844	-668.8784246575341	-21.0	-253.9829065177468	0.0
0.0	56.445436679960686	56.445436679960686	33.09054872572905	0	0.0
5233.112545036669
1	1
0.0	0.16661797329725658	105.28250146016913	3.8472	164.30911948800002	0.0
0.0	193.81052595134673	298.9116290584951	8.8472	164.30911948800002	0.0
439.3318590399141
1	2
0.0	-203.20357204785844	-463.09857216311354	3.8472	164.30911948800002	0.0
0.0	56.445436679960686	56.445436679960686	8.8472	164.30911948800002	0.0
2161.572918161513
1	3
0.0	37.22689439916767	122.53852739726024	-21.0	-896.8838400000001	0.0
0.0	93.67233107912836	178.98396407722092	5	0	0.0
8191.219425348828
1	4
0.0	-34.15231964279217	122.53852739726024	-21.0	-896.8838400000001	0.0
0.0	110.19246089096649	178.98396407722092	13.559430930818422	0	0.0
10741.005899619544
1	5
0.0	-135.26852884900006	99.25784268484882	3.8472	136.17872780019982	0.0
0.0	894.6083619437123	155.7032793648095	8.8472	136.17872780019982	0.0
8760.789264298248
1	6
0.0	-38.479843794491444	122.53852739726024	-11.101151459772364	103.73283133410435	0.0
0.0	420.02346708889615	178.98396407722092	5	103.73283133410435	0.0
1984.396605367167
1	7
0.0	37.22689439916767	122.53852739726024	3.8472	164.30911948800002	0.0
0.0	93.67233107912836	178.98396407722092	8.8472	164.30911948800002	0.0
48.88657998025965
1	8
0.0	-203.20357204785844	122.53852739726024	-20.886062713502756	139.6686580308354	0.0
0.0	56.445436679960686	178.98396407722092	5	139.6686580308354	0.0
9177.244504291522
1	9
0.0	-203.20357204785844	-668.8784246575341	-21.0	-896.8838400000001	0.0
0.0	828.4219094179327	56.445436679960686	5	0	0.0
10800.032000000001
1	10
0.0	-203.20357204785844	122.53852739726024	-21.0	-896.8838400000001	0.0
0.0	56.445436679960686	178.98396407722092	55.043615235550895	0	0.0
10996.905700969963
1	11
0.0	-203.20357204785844	-668.8784246575341	-4.690038759062362	-896.8838400000001	0.0
0.0	56.445436679960686	56.445436679960686	53.51827282218778	0	0.0
11632.133191338484
1	12
0.0	-203.20357204785844	122.53852739726024	-21.0	146.63311062829789	0.0
0.0	56.445436679960686	178.98396407722092	63.6668689211985	146.63311062829789	0.0
1370.0949455583877
1	13
0.0	-203.20357204785844	-668.8784246575341	-21.0	121.82981025550187	0.0
0.0	56.445436679960686	56.445436679960686	52.11831013852182	121.82981025550187	0.0
8813.592671383412
1	14
0.0	37.22689439916767	122.53852739726024	-21.0	-350.06709001940857	0.0
0.0	93.67233107912836	178.98396407722092	30.46562365049316	529.4342106110937	0.0
5368.0237658383
