5	0
-1.2067063415259567	9.3432	-447.0	-12.0	-13.13987626997905	7.5
148.79329365847406	19.3432	408.0839363546802	71.34656564917655	81.12679955724869	243.69847688875245
1378.0679597795606
5	1
16.68180909950933	-16.38338742988612	109.16845753844547	-3.3972748937999966	-1.3772372718424868	4.393790500168512
150	63.93552948249472	1772.5158378156386	61.09523029127117	89.01805408959167	235.60743474864228
1329.041446678145
5	2
8.759919703348066	-16.769226925237604	-50.7251801552611	11.291769192921098	-14.25	7.5
150	10	1850.4938389162694	61.906655560618006	73.37510320952704	250
1866.796156279017
5	3
-1.0242180693865042	-11.637246203130697	3.022651486722502	0.05157485577834234	1.347462702742585	-7.5
148.9757819306135	10	1872.7609496137502	55.179331576415954	90.87010578838688	232.73856677422012
1232.6076745722692
5	4
5.549331131708602	9.3432	226.6134368676721	1.5283440272552515	-14.25	-5.191542104158849
145.15931278536442	19.3432	2029.4437780539733	56.983486106890155	76.9569900075817	235.12044374961616
1430.418798736158
