10	0
-2.873654982361557	-2.2072206352255215	-10.052641339832881	6.685232807106428	-0.852952578944714	1.0291387700170325
4.648263072012902	0	0	6.685232807106428	0	1.0291387700170325
328840.6247771443
10	1
-80.04673921758457	-5.608779020219535	1.2906926288051352	-8.92251196003126	0.4292004196895685	8.046714622649434
0	0	1.2906926288051352	0	0.4292004196895685	8.046714622649434
82911.40627183455
10	2
-5.5488586634218064	-6.572377019286217	2.8205928872846924	3.652885317406594	-11.78459018136664	-1.3406889869649792
0	0	2.8205928872846924	3.652885317406594	0	0.8793864003146852
23319.162408168126
10	3
-14.584256635384627	-24.426101018635265	0.8872463508472772	4.269854256148193	-6.122949098319839	0.422003317856658
0	0	0.8872463508472772	4.269854256148193	0	0.422003317856658
3737660.3415956534
10	4
2.626865665000307	-3.926410383749256	-16.97250728319767	2.23473840095578	-42.84928814470276	0.5409984062997379
2.626865665000307	0	0	2.23473840095578	0	0.5409984062997379
625351.3159608948
10	5
5.116809316114316	3.24071777731103	3.0645988948857963	-2.207199004536128	-1.1325903499792496	4.252440877355892
5.116809316114316	3.24071777731103	3.0645988948857963	0	0.2933489823004334	4.252440877355892
558.4491598705341
10	6
-9.873668671889996	2.028552622314289	4.291071907857426	-50.06116250951741	0.44992683184259363	-7.896616148275935
0	2.028552622314289	4.291071907857426	0	0.7594892807552124	0
3395030.2642525136
10	7
1.1633017756820654	-3.888242266511067	5.221457342667682	-13.278532255071582	0.05095784692341779	0.832435928736583
1.1633017756820654	0	5.221457342667682	0	0.3738663886138909	0.832435928736583
5.000205568979262
10	8
-25.26741737792084	-7.905377344518105	9.284145522865582	-36.65265499652184	-0.41290742799318836	-22.97082540023181
0	1.413591099709964	9.284145522865582	0	6.621813869991104	0
3824411.11740019
10	9
-23.899627049000912	5.569620861076988	0.8398571306039379	-8.755763977081637	-2.6130160163956617	-13.922433421879061
0	5.569620861076988	0.8398571306039379	0	0	0
348853.74911714176
10	10
8.593021093772359	9.546934640774005	0.280343925776456	2.7477551492297745	1.2036056698649016	-2.492094142622979
8.593021093772359	9.546934640774005	0.280343925776456	2.7477551492297745	3.649336567534742	0.8213723336514978
1315.185099561063
10	11
1.2126434722926407	3.050898866705073	15.986443570031293	-19.356475550049826	-8.531651772323027	-16.164306399543122
1.2126434722926407	3.050898866705073	15.986443570031293	0	0	0
978760.2389494986
10	12
-16.293437010109198	0.24482969933437845	3.156920224284327	-4.509722532734765	-0.5528389178062845	-7.47597200671657
0	0.24482969933437845	3.156920224284327	0	0.5445901940491196	0.6713505468309497
5.000368764342416
10	13
0.37331191132782054	3.63689997085012	-2.3667380940830034	-15.279384336016204	1.820372667944062	4.56252222391618
0.37331191132782054	3.63689997085012	0.18297624227540865	0	1.820372667944062	4.56252222391618
706829.9474045688
10	14
0.30995537262946427	23.631118006867286	-25.4246766830756	-30.305800676691888	-29.53236804256373	-160.62519133861505
1.7570509966170689	23.631118006867286	0	0	0	0
4888279.968589765
10	15
1.1193697612350673	-0.30045745558322423	-15.081253323037357	19.219447787144077	4.029153027452065	-18.249739740704182
1.1193697612350673	1.0145123086625958	0	19.219447787144077	4.029153027452065	0
62004.87712854933
10	16
-6.012622124460743	-1.686762601375067	1.5889891919273706	-59.47986579690247	1.8718424787402557	-35.82777050917595
1.3074382971661676	0.5023335278204675	1.5889891919273706	0	1.8718424787402557	0
32362.802761975465
10	17
0.5494449865160815	1.417645062659422	-12.62712825816109	4.341181065383417	10.627689391582539	-4.023531771870719
2.2795399349997867	1.417645062659422	0	4.341181065383417	10.627689391582539	0
24770.579617961746
10	18
6.753668014798905	-5.6043482292645725	-28.657536456740914	5.574831761517159	-0.3244020853081328	7.656631657218293
6.753668014798905	0	0	5.574831761517159	0.036510800185673875	7.656631657218293
2703590.5252650166
10	19
-4.325913356528973	-3.746541572081922	-7.3133656327838645	0.05057479210508905	7.131782125528503	-13.4111942656334
1.7629054534569004	3.111021473700502	0	0.05057479210508905	7.131782125528503	0
304323.5459646235
10	20
-12.236062960822846	0.1857734457264882	6.037160035911468	-5.9882609013634065	4.069184840256585	8.938164521251041
1.7792107752394521	0.1857734457264882	6.037160035911468	0	4.069184840256585	8.938164521251041
2931343.8678118866
10	21
2.069421494691496	-18.380235355562856	1.7608428576559987	-25.89394160139269	-17.40669952024483	3.6439941572337933
2.069421494691496	0	1.7608428576559987	0	0	3.6439941572337933
52915.76588164915
10	22
4.506027986873732	-10.359537046505846	-6.410924120823767	-1.3601836456397407	-1.9040386762368473	-0.5345286359695559
4.506027986873732	0	17.427583639063556	2.854019544183924	1.6701919200671984	0.3710855802209868
535742.1423799206
10	23
-0.2107962253398988	-0.5150238447213069	-6.9513305081022505	-2.577161632447605	-58.87091442445981	1.6153528441083498
0.768151753911921	0	0	0	0	1.6153528441083498
1227.3353049642042
10	24
-7.541035782685077	-0.4785305459690522	-27.381190762440692	1.8384852411487225	-8.492820209769809	5.739458610781826
0	0	0	1.8384852411487225	0	5.739458610781826
480357.9961866493
