27	0
0.013126483446090971	-0.09820517814850839	0.6147836833403206	-0.04755848443561002	-0.04723703860170299	0.005525309246260186
0.6548862989465967	0.399079101054143	0.6147836833403206	0	0.11961635286728416	0.04248198472963843
3.6886516148539608
27	1
-0.6907709111097983	-0.0007602148062078612	-0.22403930437150077	0.009672335947807361	-0.27711241130920716	-0.14200817173824964
0.5905480401913176	0.46332733981596375	0.03659930001616796	0.009672335947807361	0	0
27.374083756868785
27	2
0.0003646651413905383	0.005396477619151315	-0.0042961584499497454	-0.04890528275957508	-0.022657148854870857	0.003983419095468602
0.6581075190963087	0.4656461814681072	0.18290854771362067	0	0.071518071804624	0.039064122836946914
1.6862552258136974
27	3
0.010348871417173213	0.9565788068090907	-0.023181651933949714	-0.010210174653291737	-0.0011752599100492093	-0.020506201151038995
0.6659210294919491	0.980071318097788	0.1692180560883949	0	0.09881865023662258	0.02727596197871906
2.8401471429966043
27	4
0.1445725499557174	-0.45428419637747497	-0.04973941019189557	-0.05417534494797297	-0.11233381391344525	0.00811138679727717
0.7639952122202789	1.3098659623551705	0.1877037874591265	0	0	0.04214884800525118
7.748977904883732
27	5
0.019555398217342083	0.017450776602006293	-0.034805392807285694	-0.028449721903188674	0.05918001067024077	-0.035053080741066084
0.6173111131879969	0.4738685764835796	0.16711252579013658	0	0.10143109748568328	0.015937996519415125
2.2894873220271936
27	6
0.17221723720501828	-1.2712495807920392	0.04958767476595778	-0.020600869258845658	-0.18660599454762822	-0.1643971807000326
0.754118952544944	0	0.20945387326517928	0	0	0
3.9127290201123746
27	7
-0.18709185939564454	0.005052032255674391	-0.05520542142673627	0.01031521332082641	-0.07447269983790922	-0.002901348892542445
0.5283126058464134	0.4651434610136233	0.15512607594126016	0.01031521332082641	0.027514469905309313	0.03769543318521668
1.999792612281211
27	8
0.02519820601445065	0.12286129396996082	-0.002893658681307844	-0.004738598532123952	-0.10384024314003382	0.13166089737106068
0.6428328294221954	0.3451260454159526	0.1881664783576454	0.0003124852233291073	0.004956329056620662	0.13166089737106068
6.569176543636726
27	9
0.014836545133468208	-0.1201984982245746	0.02733184809518249	-0.07672997765944774	-0.020150749051259957	-0.027396977717414162
0.6611738739203662	0.38629429906914814	0.1945396243579046	0	0.07092035425345339	0.018561471212120356
3.02847427185312
27	10
0.9871923680049737	-0.9795380027325988	0.39948106563265795	-0.014494853598120725	-0.09914939217583543	-0.0143981194479806
1.359412239741154	0.053827715319540115	0.4349826437840546	0.0025019495385009832	0.06012268261592543	0.04268528526347994
11.196179213715073
27	11
-0.44519651579682823	-0.3150135531401287	-0.014732507211692742	-0.059432423472851666	0.19501840115005173	0.14565183701554102
0.4683430549227117	0.7205336916264339	0.1830468614772426	0	0.19501840115005173	0.14565183701554102
5.304666028252168
27	12
-0.0028898302648182384	0.00026294381698248104	0.002024964556969265	0.015773852799898434	0.017119965518391757	-0.0010474635407542027
0.6579468218742488	0.4627625466548638	0.18626541428131835	0.015773852799898434	0.06683687139919581	0.03877354264050615
1.2316935522196717
27	13
-0.3498805236998348	0.005467417063941219	-0.004730037104205239	-0.03906325674818569	0.0024528681437579916	0.014177655939243352
0.46699248670533455	0.46499313761550226	0.18493879033115423	0	0.11208031726881117	0.04817231374081423
3.6868105117240733
27	14
-0.0013458147533721753	-0.019457705707802073	-0.012892770588376403	-0.017307236053599982	-0.0417435756747753	-0.03467181637504083
0.6607021474151497	0.44893879932674596	0.1769190974374926	0	0.03940462867488203	0.03838559487510856
1.9076243534528476
27	15
0.2165042347328645	-0.04618774638949233	-0.02310429898744848	-0.027596677757163887	-0.007538673015813985	0.13121321362548005
0.8000935042272136	0.4823182363019859	0.186262347092437	0	0.07900069097430013	0.13121321362548005
5.674700451347467
27	16
-0.10874277648049362	0.057320278810161905	-0.06443949463937718	-0.049489892247415034	-0.0789667351560566	0.05629553651614128
0.5915464286328267	0.4761432498913286	0.1596332303008536	0	0.031372955672279754	0.0634804066582629
2.392262349261975
27	17
1.7325636849355857	-0.002248709776064746	-0.0006777720537440047	-0.06910294309403514	-0.9050721255603734	0.023802125484479107
1.7325636849355857	0.46094183804239663	0.18385356948416645	0	0	0.054087160748280225
2.9941892912817587
27	18
0.20273593141541063	0.001548901816477519	0.0384746683922405	-0.01584610589563896	0.08713868589094148	-0.018237250530209068
0.6762379623404202	0.46507693571669617	0.1351985556882428	0.0006278526626008439	0.08713868589094148	0.031544248643544784
3.8469856880419973
27	19
-0.17581955486044143	0.041174109630866915	-0.003604016429550429	0.00939431884636073	-0.4027651071152469	0.012567518196064307
0.5503509013395291	0.4234146741437247	0.18776453090688108	0.00939431884636073	0	0.04738552294148145
2.03497240350938
27	20
0.1288858357852293	-0.13304447519525447	-0.2874377362894548	0.011500530177609495	-0.24182296425496774	0.041817777716552845
0.7390516154889315	0.43437890002375207	0.15165242152898772	0.011500530177609495	0	0.0681715440063771
2.733829652336674
27	21
0.010875705155431572	0.008042467558787212	-0.3868746037752866	0.008115767800642942	-0.016303146187284255	0.13487854861981527
0.6693141274422802	0.46113185619607877	0.195874636992865	0.008115767800642942	0.08001417483824386	0.13487854861981527
3.9375745538635116
27	22
0.3980315019852591	-0.0020940108154683928	-0.002433743481592387	0.01594857959243236	-0.8239710550567587	0.004080507116779618
0.9123251744758547	0.43803629696677787	0.18584729364139316	0.01594857959243236	0	0.0369912599230617
4.727669501268038
27	23
-0.014277337669152618	0.023912757198916598	-0.06567497714499393	-0.043976779322553075	-0.022255872755729433	-0.03571667170420915
0.63690495117527	0.4648534584784972	0.14191643239466878	0	0.0921481664355409	0.07181929434783632
2.894252426698213
27	24
2.639783041362644	-0.03217028301061109	-0.30783743696795923	-0.03189526536176699	0.10712684797748905	0.06273668450047704
2.639783041362644	0.4503591522012672	0	0	0.10712684797748905	0.06273668450047704
11.143146389384635
