20	0
-0.4449742340877134	-5.549433047176128	31.78591804176618	9.37451384974908
403.30312918587515	12.950648408424806	241.01410004720344	95.19728591491808
41294.077333333335
20	1
91.30740836170581	0.10239368535735482	-6.908714253850199	-0.004955473383723603
453.0760850948591	11.167630137500959	218.4667648888592	90.13802112503872
57179.12133333333
20	2
-6.424028855805941	0.033561310068830244	2.464023844989189	0.2653049607391385
400.8108551329593	11.118096177799352	222.93305041342072	90.27275534076917
38336.05333333333
20	3
2.7490750539150297	0.8714334489287365	0.008001324368966802	-3.540954421314773
406.0711622189341	10.741359065015729	221.77678840520136	90.55878782934543
38780.056666666685
20	4
450.0	2.1486100396752527e-05	0.31401566440651424	1.665908786687459
677.5983326134656	11.102736885558285	221.2589398549698	90.0017392951407
37786.02733333334
20	5
13.848680991013346	-0.2892862751245887	150.0	-0.01794066445604028
409.2184103270075	11.509098725992585	503.6413442749365	90.16045355089112
41882.14133333335
20	6
0.04821570479324143	0.1327263877433241	-0.7136053017478747	0.004057983946944088
403.64885808232845	11.15586270998318	221.31214331507786	90.13154490439733
22440.614
20	7
-0.0029193075259872415	-0.7695978566232398	-150.0	0.010802221790549378
403.6136407788969	10.570629419101362	0	90.1444107596912
63386.541333333356
20	8
11.008991216358819	11.189058596265117	-0.7812926252611359	-22.23848156352462
353.09719125579034	15.341927923240672	221.62756448595573	76.31050056220964
35602.70599999999
20	9
33.57860844318108	-0.030489359975754443	-4.597447130826829	0.08772005084640175
425.5930699311324	11.073589208054631	220.1896313064055	90.1838852884132
32645.28066666666
20	10
3.963667624519049	0.0028864542309472397	0.12008279343563422	0.1199249672988329
395.4459900838588	11.09424362255903	221.8410581023604	90.12315436906044
23923.291333333324
20	11
-87.72212798101071	-0.9636048204638809	-1.2090763443285966	0.3546954161155985
395.7550177602751	10.588382255568058	221.63047497153948	90.37003846081765
41434.76400000002
20	12
-0.054368245984290936	0.45013839499873975	-22.196871927122253	5.283650099703971
403.6186385127573	11.207854888386622	209.83175502997497	91.93009782211175
39089.96466666668
20	13
-11.433871643233646	-0.016404385353361643	-2.418130039638617	-0.002651447652989322
396.41889939403217	11.092148881111816	220.70188274048064	90.13706676339525
47142.337999999996
20	14
-0.48091856527539434	-4.0779022768380795	0.4391772850711937	0.06526660381251505
403.37779073465094	17.60566781499992	230.53989839459854	90.1845635608048
64603.32199999999
