5	0
0.0	13.695856999077499	-283.7057934845208	-3.128106159555637	0.09845391708301109	0.13973381171974567
0.0	107.77156533241083	217.8004644655175	15.988726388534227	2.343020317083011	244.53142476647176
2359.1392957561575
5	1
0.0	-30.13232008138411	1.2185708968850997	1.1971021628357474	-7.792141417509753	0.3624860198167096
0.0	94.07570833333334	197.86999086986503	8.95587995375458	0	244.75417697456874
1289.254652535717
5	2
0.0	-9.049377521137233	1.387394611749703	-4.3724253875754595	2.8205706667691293	0.6480455015924018
0.0	95.0288083566906	198.03881458472964	11.701831162366977	5.183348227622382	245.03973645634443
1189.750596652058
5	3
0.0	1.498559073566558	0.30933057162368494	-1.1154072210948685	1.3919789372583484	-1.7062047691330078
0.0	97.18940978474168	196.96075054460363	10.812659188617443	3.6365453372583483	243.92725808920397
1531.7553216473104
5	4
0.0	1.8140825054855882	2.328470958331649	0.19455126080910967	1.3049413017796831	0.06834902809870178
0.0	99.06796683634353	198.9798909313116	11.483155664587905	3.5495077017796834	244.46003998285073
884.4515524568144
5	5
0.0	-21.83998053309537	0.8988373348380365	3.4149757635406957	0.9615253890323217	-1.5333176113776887
0.0	94.07570833333334	197.550257307818	13.443931336452035	3.206091789032322	244.39155579655792
1437.429347423326
5	6
0.0	-26.914004122551123	0.41993793444783084	0.6288636459498168	-3.3328703613530517	0.5605156312446113
0.0	96.82092245496088	197.07135790742777	9.55370724975609	2.310844995512069	244.95220658599663
1200.5810011674366
5	7
0.0	-28.30780265233384	1.6751212047512327	13.5	1.1764997856849977	0.5072006180593651
0.0	94.07570833333334	198.32654117773117	21.124688090425824	3.4210661856849978	244.89889157281138
1105.9062392637202
5	8
0.0	9.59656738487639	0.6938139143101258	-2.5388836151575918	-1.8865253498675711	0.2721668060385614
0.0	103.67227571820973	197.34523388729005	12.930855655982779	1.3612636294564266	244.6638577607906
3534.717524561349
5	9
0.0	-16.023996105406017	-402.1236151691696	2.4989478868226183	1.3370321343418692	-15.169042236711329
0.0	94.07570833333334	94.07570833333334	13.289442664580854	3.581598534341869	234.83095776328867
1282.0882111935987
