39	0
-0.0032142574413139787	0.004674126422771218	0.027592323348254608	0.009044916914011544	0.0022777341619555536	-0.0009493530279436023
0.6587048309532081	0.4374508739899618	0.20686438282515868	0.017544512164020146	0.00785943175145433	0
0.6397915941192418
39	1
0.003021335986246299	0.018229077996857822	0.010944853496958689	0.00693033622499678	-0.007428141485297978	-0.007061121017788005
0.657368943606388	0.4510028909324887	0.19520072241752107	0.010728795077264746	0.00566059517121755	0
0.7089237928224611
39	2
0.006952858757433913	0.48114783548676365	0.005718377670663402	-0.0074931708823433325	0.009055971042508142	-0.0001512757315742175
0.6575397999645674	0.7014146763206163	0.1913315811806295	0.01256775739369581	0.009055971042508142	0
0.6679778275265829
39	3
0.006824453912828743	-0.08566694988889134	0.01181552345310126	0.0013390962224091437	-0.018750478900092463	0.0007654804558759962
0.6626788661728337	0.534086663633278	0.15361885484372645	0.01538023606072635	0	0.0007654804558759962
1.4204727190073008
39	4
-0.08700849045511803	-0.16919753424886017	0.010345297032158201	0.01513399902391238	0.0020284641006700467	-0.004306934572811739
0.6020843834021701	0.39888699391344506	0.18965243511818192	0.025769355615945788	0.005818229768353303	0
3.4577785063874242
39	5
0.005474846441068564	-0.023069660048707828	0.014236647109628738	0.006190882882049597	-0.004157199974706314	-0.003626507275093818
0.6593188081111832	0.4325132404224082	0.19628415665945245	0.01943647262244855	0.003737553845453852	0
0.7594778341753412
39	6
0.033166409129015625	-0.8998971072315675	0.01952450173877057	0.0031560982337665816	0.004371721325075533	-0.0005752063762351269
0.6783776004104314	0.15252694913714737	0.19433244019672563	0.018524752510754774	0.009362328540992946	0
3.9127290201123746
39	7
-0.010909697961055361	-0.00058301339648412	-0.06975998031718135	0.013225725449300752	-0.017928301904279548	0.0026473831850558484
0.6791993209152017	0.4351341443079779	0.19103982015462617	0.023144017512509697	0	0.0026473831850558484
1.5004975383111276
39	8
0.0035642358787609744	0.02939067922786808	0.003296391305464363	0.000279235173685409	-0.014870522781472512	0.0030398293539235888
0.6605211985060625	0.4537462107084525	0.1804921421521227	0.010681461433992036	0	0.0030398293539235888
0.6520660931864893
39	9
-0.22003617730211594	-0.0002233988985702795	0.031554932782238865	-0.003353743332246574	-0.0019168436924462803	-0.000241637568372014
0.5515285557994902	0.4348593100730384	0.2085654801826542	0.018436623038421723	0.005142259512353356	0.00013477001406195276
0.7185269043851019
39	10
0.004006533355907975	0.0026806414199295765	0.11896412783286213	0.005805562964817561	-0.024888518045450704	-0.004872833718300657
0.6612323715264518	0.43446460789445696	0.25079254431998066	0.016613537276105043	0	0
0.7879487793538084
39	11
0.006500809702907803	0.016862797375908956	0.06797708547896526	0.00874011576629849	0.006634331165782961	6.945178937464068e-05
0.6630088290095659	0.44092741149952036	0.23390803899652446	0.01928287031999519	0.009456657427695143	6.945178937464068e-05
0.6437460673882673
39	12
0.0041730209084631705	-9.597117003676271e-05	0.028254989375960573	-0.008407125004460766	0.0028549659493847476	0.0003632156834256732
0.6567773914481269	0.43513566629419015	0.20521300167423864	0.012429971846196486	0.007888106649700992	0.0003632156834256732
0.6408701279223102
39	13
-0.05547810595760733	-0.0009358751049997032	0.00544472464571126	0.009242147082595666	-0.029454107323178092	-0.0005257614695387926
0.6318186976044922	0.44492630277740025	0.1849579147220462	0.02117899666872687	0	0.0011786140940394081
0.6599573642119054
39	14
0.004837269757177824	-0.006824573732419289	0.07428570400718006	0.015420693196356054	0.010519843418250265	-0.0020697734564163266
0.6582101189035018	0.43891073480135967	0.23866838348377184	0.02260104644581213	0.013263735941310386	0
0.6742271066140717
39	15
0.00981404943117064	0.00013270108503922486	-0.00255326441584546	0.0022196730580178042	0.0046042649098474425	0.00011321558051508826
0.6656510478300353	0.435064578879249	0.1813435727567628	0.01578955787076068	0.010171796782229077	0.00011321558051508826
0.64132391406846
39	16
-2.1116341476735188	0.03636732662517304	-0.0014909110478056908	-0.004631344865518177	0.0010122010075638175	0.0005108854683995882
0	0.45912471107610886	0.18273187987736633	0.0158661957224941	0.006421596736060105	0.0005108854683995882
0.8764542781228087
39	17
-0.14243771944122646	0.08562286187483037	0.029393896843947026	-0.0007973616665438913	0.0006541004216897783	0.0008926733275702701
0.7148874044892288	0.4946428136898247	0.20513570878116663	0.014326311312744788	0.006069622453538769	0.0008926733275702701
0.7274957260970438
39	18
0.0004616454191977715	-1.5836710772498667e-05	-0.0034291814364211756	-0.0018253576433113234	-0.0012040813424035166	0.00019353105872646264
0.6588837022816124	0.43518062838410887	0.18516032271526672	0.01567783763808862	0.0053684150680960285	0.00019353105872646264
0.620320763764999
39	19
-0.0527007873351971	0.00016178415009715795	0.007253347442893549	0.0014817464136889806	-0.003114834191647203	0.0002798509122193905
0.6277094828744634	0.43528028372394645	0.19012016363393766	0.016640513687029325	0.008023487598355888	0.0002798509122193905
0.6377544799276639
39	20
-0.0021958973678697915	-0.005607150564343923	0.05936940174957425	-0.005355092134831061	-0.0018452758371610095	2.008416902644072e-05
0.6585214122402497	0.43160036595272466	0.2661648145393657	0.01575619317758668	0.008726831837856995	2.008416902644072e-05
0.6572611826883863
39	21
-0.002454106534738167	0.0005072279539012361	0.012280899910530226	0.007347783443797988	0.005727782648858716	-0.002573487833799966
0.6574797264324789	0.43553441195242387	0.19118389888729762	0.017936630735203678	0.010271768643532292	0
0.6372301210845992
39	22
0.05985498794753644	0.0019755110111744807	0.005851190064964303	0.001473932405106285	0.0004576376333351475	0.0004600282140165205
0.69193877682485	0.4361074801963876	0.19020279171981824	0.017051714231541823	0.005394796411173647	0.0004600282140165205
0.7527483896883277
39	23
0.00012056168979122429	-0.0068290157479006415	0.005577347875108218	0.0133376964798619	0.013013723538172473	-0.0003697588325885269
0.6628226577382785	0.43296134096550054	0.18693171263331412	0.024957094066651607	0.014007907249792177	9.355719838412805e-05
0.6288386041066463
39	24
0.023465803416753413	-0.028995359874918532	0.03014634527617721	-0.0037233829522634616	0.002589413530393737	0.0020691530469267045
0.6647678138336662	0.42049073754400285	0.20802289027975912	0.014486401541351874	0.008020932488021888	0.0020691530469267045
0.686687148393487
