28	0
-12.762000821956622	-0.10757198728829373	-1.5996109235809226	-6.067341716875533
395.3553689403561	11.118353455271482	221.0312885305832	90.37367862519378
49012.74733333334
28	1
-80.32049160389695	-0.002023173629663782	0.6578153714775538	-0.0011579188466257569
463.74512701587287	11.101323223307393	221.5948437401102	90.13960505503432
65882.55733333332
28	2
0.001819004629932981	-0.0015695085802521352	0.17197193993623755	-0.016250075505460745
403.6109468116548	11.106186768741933	221.8300302289598	90.12817096824473
41960.59933333332
28	3
-0.108119563074179	-0.0019821933781792858	-9.987679066452362e-05	-0.007211186795827389
403.5432720269059	11.094363307640828	221.77889745010134	90.133391203834
42734.1906666667
28	4
15.941205577381194	5.373010430475918e-07	-0.32208829969358743	0.00483092331009123
412.93810294745583	11.10270841479124	221.56167501176316	90.12152139290652
42702.88933333335
28	5
12.557929004795847	0.42034674737470357	150.0	-0.010550453514724122
410.54651913989505	11.325038209928081	585.6701404024018	90.13170902300534
62280.264666666684
28	6
-0.00021286698782892665	0.0009632955535819066	-0.5735763983991424	-0.008105597117777408
403.6143739828693	11.104001896348747	221.39249214466548	90.14132492858919
26711.32866666667
28	7
0.003966806865722067	0.049845820550618564	29.188427930135745	-0.0007980656474863417
403.6167864799901	11.072618332189384	230.47515790738436	90.13819159020338
87133.90866666668
28	8
-7.217194568017273	1.3001945416016278	0.14254976941185316	10.850401634739136
399.2101895423809	12.025778925533913	221.86819726002278	93.50502320052877
43886.396666666646
28	9
-22.94942821096533	0.034373780629786556	0.041566203772965174	0.08552588530878322
391.4925801210057	11.116033768519717	221.80367128259837	90.15973486578876
40353.54799999999
28	10
23.81472075257533	0.0008205954792396472	0.26123901935117666	-0.004696398202207137
412.1823367047937	11.103250730576521	221.9473016701536	90.13950479787943
27443.890666666655
28	11
-38.539829781271344	7.285848301835782	-0.021567203779588942	0.10002497958870678
376.7795163264838	14.894378549368458	221.76376205532165	90.19314438769092
45373.12800000001
28	12
0.0016651106575410436	-0.055609864473767916	-150.0	-1.4867977171270637
403.61465759451687	11.068482025119566	153.81880079354272	89.36372710755526
47452.64333333336
28	13
391.4837850940752	0.005270960555680833	0.4090222985937978	-0.0014106141049254587
654.1226003599519	11.106364668314168	222.02072896283673	90.13800677229668
56423.04333333336
28	14
1.056303095667258	5.7133194656273325	0.06873880596773797	-0.0009777963319489058
403.6616253687864	15.118107519900342	221.7915634790872	90.13848680598551
69431.78466666664
