9	0
0.0	-0.5943956708685043	-1.3910010797359997	-12.662387244061856	5.652935618737271	0.0
0.0	56.933510875421504	56.445436679960686	9.280214067096255	5.652935618737271	0.0
46.43603705327355
9	1
0.0	1.186515730853661	4.806379421340762	-2.988350828276816	4.356593328075775	0.0
0.0	57.63195241081435	61.25181610130145	16.700094813906542	4.356593328075775	0.0
39.03468640493837
9	2
0.0	-5.759851380504124	-22.95002015485684	3.4529564863741133	-0.670427094598845	0.0
0.0	56.445436679960686	56.445436679960686	14.887428911340322	1.4417218947042376	0.0
35.33870252240143
9	3
0.0	-5.426185315405592	-2.5078556712463014	-10.95966182167165	6.059673854570581	0.0
0.0	56.445436679960686	56.445436679960686	9.067024107285027	6.059673854570581	0.0
59.42200771456046
9	4
0.0	0.9819569826213317	1.2599650880142723	-5.123630870687111	-18.65604688047978	0.0
0.0	57.42739366258202	57.705401767974955	9.948621358053305	2.030622108422513	0.0
47.320645368405444
9	5
0.0	-20.042241266370176	4.552808595741948	-10.296948941083334	0.41476595539227046	0.0
0.0	56.445436679960686	60.99824527570264	12.999051841197724	1.0575251886442856	0.0
99.27078132728859
9	6
0.0	-0.39996177774785613	7.134169020708442	-13.207070822124535	-2.1622008441046843	0.0
0.0	57.62716189414619	63.57960570066913	5.828960785515161	0.5286230042384301	0.0
39.34112620366315
9	7
0.0	0.3173759352325684	-8.426627739377182	-18.49359556515097	2.2043776374015573	0.0
0.0	56.762812615193255	56.445436679960686	5	2.2043776374015573	0.0
48.88657998025965
9	8
0.0	0.44666163251495694	5.689028763867431	-7.553882121174034	-4.968763386945102	0.0
0.0	56.892098312475646	62.13446544382812	7.251514639511807	0	0.0
63.8660405921471
9	9
0.0	2.918289823762558	-6.204028821756655	-1.0726999398500612	-29.253116510926986	0.0
0.0	59.36372650372324	59.27838461337521	11.943764577361922	0	0.0
81.97761616295188
9	10
0.0	-6.88036840099775	-9.907788595250524	0.2562427861111107	-23.38130832309283	0.0
0.0	56.445436679960686	56.445436679960686	11.795074369443071	0	0.0
58.803784955443355
9	11
0.0	1.2701695709843017	-27.186124537729647	-21.0	-30.50154163169853	0.0
0.0	57.71560625094499	56.445436679960686	5.1736531967691874	0	0.0
76.0057257732756
9	12
0.0	0.4807489010418104	5.489766676804087	1.8504663435347823	7.527143961780748	0.0
0.0	56.9261855810025	61.935203356764774	13.640752900018894	7.527143961780748	0.0
75.39086195646112
9	13
0.0	-5.097745122897678	-8.459442274989353	2.721450284848294	-12.54060408428844	0.0
0.0	56.445436679960686	56.445436679960686	14.104204544369082	0	0.0
105.0781767051964
9	14
0.0	0.6873033937054687	3.778346319232795	2.2600215831847708	-14.765655933678952	0.0
0.0	57.132740073666156	60.22378299919348	11.363031139152678	1.4442862461652677	0.0
107.57768519990196
