25	0
2.0271230746117777	-0.3929582258818498	34.2324117519544	-0.40243984933576243	-0.031681055165587356	0.17628874620923468
150	10	465.3794314237733	68.3182012535919	80.1420739166296	245.04552754373216
1186.6730846678693
25	1
-0.00033615448020442334	-0.036543104017669054	3.7606753902036254	-0.7017391543033196	-0.00023537115304021815	0.06111324998895265
149.37150475778301	10.167015255154858	452.1346950927671	68.09955963186373	80.15870697762202	244.9482399193405
1163.130938466126
25	2
-0.7914635126893158	0.13340883689344116	-104.36831426525316	4.679872816497613	0.2438461117943049	0.03907129814188407
149.20853648731068	10.133408836893441	373.0783095130163	71.43866046613188	80.2634724555171	244.92947898209613
1195.7942024965828
25	3
-0.05868976871240893	-0.8367352918071115	-0.9642534909612472	0.6885652943189533	0.019236114919056663	0.3110042458696929
149.34103490760438	10	449.18808894705546	69.02662385363963	80.16821378377153	245.04519208916724
1190.4002453439227
25	4
0.05342951888054372	-0.9441597174912172	-111.9733778966717	-0.3368117360248844	-0.6028580036172786	-0.012672000990616359
149.39196788031003	10.00829505593837	447.14142722653725	68.38392930699445	79.7421700022322	244.8863457003406
1304.9604223000256
