13	0
0.0	-0.02962666765915173	-1.461199791811918	0.3116345891727714	-2.885428198829012	0.0
0.0	56.653063698709836	57.967400908990086	12.925710504924597	0	0.0
46.43603705327355
13	1
0.0	0.36997137107000644	-0.2551975822141318	-5.352568688340943	1.218410638244688	0.0
0.0	56.815408051030694	58.020545305178295	9.577792048297786	1.218410638244688	0.0
39.03468640493837
13	2
0.0	-1.6820976473750735	1.8314831316484168	-0.530321390190539	0.5672051438493263	0.0
0.0	56.445436679960686	58.843232532076726	12.919042804829258	0.5672051438493263	0.0
35.33870252240143
13	3
0.0	-1.0428213326544715	-0.7534069604062272	-0.023170684225967908	1.6834100817589526	0.0
0.0	56.445436679960686	58.079756634433714	12.925976870500662	1.6834100817589526	0.0
59.42200771456046
13	4
0.0	-0.3927369737287646	-0.42224999272197383	-5.124854862304883	-0.9732527030893295	0.0
0.0	56.445436679960686	58.628253735919195	9.081204023861979	0.8564902170680054	0.0
47.320645368405444
13	5
0.0	-2.3951858510785233	0.7257872552722127	-8.24007191969428	0.717658681931599	0.0
0.0	56.445436679960686	58.61581169597581	7.492423178947369	0.717658681931599	0.0
57.77171535108245
13	6
0.0	0.8176412202928405	1.2708044251961257	1.4855425198963401	0.39776888469833976	0.0
0.0	57.26307790025353	58.760052743287936	13.703916261501615	0.39776888469833976	0.0
39.34112620366315
13	7
0.0	-0.26152478770046644	-2.180194968516596	-0.0029908642767825927	0.8073075949583037	0.0
0.0	56.45580969888007	57.79426854439484	12.747664176377402	0.8073075949583037	0.0
30.85607322133789
13	8
0.0	0.06253429279309093	-5.7027957726356915	-21.0	0.19603521430738155	0.0
0.0	56.64480661248415	56.445436679960686	5	0.19603521430738155	0.0
63.8660405921471
13	9
0.0	1.4796339091371085	-5.165793107182737	-2.834374178573724	-8.064546849819969	0.0
0.0	57.92507058909779	56.445436679960686	11.950031938478269	0	0.0
45.21770907125902
13	10
0.0	-0.935634134158797	-5.057691038799311	-0.07627847557002318	-4.1146495303941935	0.0
0.0	56.445436679960686	56.445436679960686	12.918718078940495	0	0.0
55.670328502168886
13	11
0.0	0.4084430707476171	-2.3718837955954926	1.3997337895133124	-6.627459353492425	0.0
0.0	56.8538797507083	57.17246675704485	12.724087861972249	0	0.0
76.0057257732756
13	12
0.0	-0.005943813960723191	-4.084905267428185	0.2560259255283713	0.7320214189118186	0.0
0.0	56.62416415022657	57.92361660393776	12.633667506155819	0.7320214189118186	0.0
75.39086195646112
13	13
0.0	-0.840857292649041	-1.569806574470146	-1.1185821369294722	-6.6619027288824855	0.0
0.0	56.445436679960686	59.0954451905756	12.081154610046143	0	0.0
105.0781767051964
13	14
0.0	0.056612697737096776	0.5156631684360622	-0.18975212301951894	-5.954207900835172	0.0
0.0	56.652874115930565	58.406960323434596	12.590838630193486	0	0.0
30.898383024070075
