29	0
2.4284703909570284	-0.023371354121881044	-4.884791116782888	-0.8340059744789371	0.006289868788227394	0.0005665925250029138
150	10.019190844447436	446.470140093197	68.21535539718856	80.16343459585109	244.9622760117774
1186.6730846678693
29	1
-2.9064988951464474e-05	0.02695446597365175	20.444734969746168	-0.6852164158783158	-0.00029731582062758236	-0.08748750816015535
149.37167365020343	10.026954465973652	458.83948441531834	69.70475228644077	80.15876984227879	244.85614893706318
1163.130938466126
29	2
-0.6193628719395808	0.01978397450533697	-284.3671132234243	0.7895636251114948	0.25643972772325646	0.10614246264098169
149.23244933630144	10.019783974505337	278.5249334569904	69.0382186666532	80.29852765330304	244.95975650983536
1195.7942024965828
29	3
-0.014627775934871655	-0.16121673260539812	-3.659958359144681	0.3950924088877627	0.016887273466943326	0.15047752219446509
149.37073212224357	10	448.19152528529736	68.70417118943307	80.1587131230487	244.9636058150149
1169.0632478592022
29	4
0.009610960784403337	-0.18086841691668867	-26.951974365952903	0.003527056156910447	0.018354961525739878	-0.10068400213656911
149.37128176749425	10	496.7974984763882	68.54244691207192	80.2243590470501	244.88050832503131
1165.097392044869
