14	0
-0.14389424163719514	0.0011146474331488597	8.435322979071395e-06	-1.597460854558328e-05	0.00024324317125755783
0.35108929039864656	0.5007221919759067	30.00000241804887	249.99998402539146	99.99997983540203
50.416
14	1
-0.0011070712405131765	0.051058062552284296	0.4315559526213403	0.003819655890022143	0.00015427962268432224
0.39919886149135325	0.53543364405539	30.330404474200616	250	99.99811751396031
50.416
14	2
0.00010544636413194304	0.0018255621667065901	-0.11121364537714634	0.029209060330008807	0.008037468491872597
0.4000805403355007	0.5009333467252669	30.01824519552585	250	100
50.416
14	3
-0.025040861023745906	-0.04464893611025383	-3.613298526945109	0.003701239756648436	1.736876174549135e-05
0.403370897579605	0.4770735504565567	27.95956007285082	250	100
68.256
14	4
-0.01529806859831972	-0.003953002643452097	-12.0	0.0032102950745327465	-0.0019522119508045286
0.3898459620505066	0.4981776971599221	21.187150949752137	249.9993913132451	99.99451693341382
50.416
14	5
-0.009926305958518254	0.002510963800580048	-0.14092658783663398	-0.00391217236088301	0.024314607576951527
0.39376557038910914	0.5027125718331735	29.902136441209887	249.99544460330318	100
50.416
14	6
-0.14678023372576152	6.781065326797035e-06	6.090154164927075	0.013470633298067494	-0.0013802723491660735
0.3084421452668563	0.4999988390146001	33.419343781465216	250	99.99861972765083
50.416
14	7
0.0026646399131166325	-0.012982692419681814	-0.3126403836663449	-0.003452430840534401	0.04144984006380458
0.4019224762232363	0.4945016917862444	29.80617782409195	249.99654756915947	100
50.416
14	8
0.07007772194031806	0.01145311386268694	-0.11720558796229356	-0.0030061661217657674	0.0001608340805419964
0.4445792896779286	0.49867061303728133	30.21493548778976	249.99699383387824	100
50.416
14	9
0.0003075832985816388	0.005670401995778954	0.10848006110177844	0.0018466609921263509	0.014261901827231416
0.4000431150523546	0.4982739487345101	30.376133988785803	250	99.99518165358214
50.416
14	10
0.0017474381041162135	-0.0014022886811302297	3.572631698890114	0.08664551904925949	-0.0016198759743989702
0.401248208419964	0.4991639181915213	27.558692554154113	250	99.9983801240256
50.416
14	11
-0.07515662043052557	0.02189783316003384	0.1027877396083022	-0.027864566134491755	-0.02569844698843902
0.3679893541318379	0.4618568762679136	30.03559290915382	249.9721354338655	99.97430155301156
50.416
14	12
0.0033635502056860098	-0.15	0.0008320466733458438	-0.0017485566979460968	0.0029636151407826886
0.3948749091478069	0.34024688773824874	30.000538579948635	249.99825144330205	100
50.416
14	13
-0.0024055183499148963	-0.006002123928383734	0.006163098354661616	0.00012379040943841005	-0.0018365137709680517
0.3989502406458411	0.4964788399489426	30.000765490216615	249.99933494448655	99.99816348622903
50.416
14	14
0.004081416810613525	0.00458712432509198	-0.40077742807518746	0.02052895611582653	0.042165774786531614
0.40218083538813165	0.5006020078822617	30.012717889121873	250	100
50.416
