13	0
8.430942634189982	-0.024295603808256683	16.723125606714426	-0.15322710918976815	-2.2287653439319186	2.592899534199013
18.430942634189982	10.02634843043612	2056.39739452204	46.33433719685075	87.50318056762478	206.93459874478867
3654.4557820467244
13	1
0.18647551394274645	-0.1693163321429233	298.524526602994	-12.0	0.08797655277069433	0.03689003404394074
13.950733718812259	10	578.4806518081957	43.871482135168336	84.79102846935339	206.0915850142626
3547.521825342288
13	2
-0.591643270489723	0.04033983318700292	97.54829882328994	-0.9702532083082982	2.9013921816119503	-0.013609699832557439
13.584354987502588	10.040339833187003	2073.660510879057	46.14694143422085	80.98113447821487	206.07160058157964
3704.235567424734
13	3
0.2598286645645464	0.07496641662870042	303.5921097735478	-2.0315009976213334	-0.4038986376064453	1.7732914285800547
14.026646490256471	10.074966416628701	2080.6521029396868	45.1002289122442	84.79339615372619	207.2463778413282
3375.2006603057052
13	4
-0.048408689081052114	0.020732186275357795	-10.694917849757031	1.619253868593344	14.25	7.5
13.886282102701449	10.020732186275358	2039.684673984695	47.473693764997954	100	216.35191078207512
3491.7959788567514
13	5
2.348922528045487	-0.00028058362798498047	-21.17863752188646	6.267974816010072	-0.5079877803506462	-0.2421146956554504
14.346288530844998	10.001483929505406	2039.4323494581342	49.58928559059497	85.8143040264856	206.38653100658166
3469.407446587505
13	6
-1.3619350893529802	0.024002516460025793	12.042961708503935	1.7879317602385965	-2.3478996278566435	4.824986353833447
13.163485332627335	10.024002516460026	2039.217357917018	47.3516897035636	83.13889184168283	208.88113891045305
3636.220489568163
13	7
0.35793390571399925	-0.0046842719542564875	-12.333440680674194	-7.767004042152773	-1.7296656981163774	3.7658964729415
14.081207443078805	10.016409364696404	2052.8444121172156	41.28939793604496	85.89071793742292	207.07328475683755
3704.829687459571
13	8
-0.5165162770524714	-0.42781028157788425	5.607806901667801	0.1477869781990607	-0.004977461207338408	1.6262145619944857
13.412135776387741	10	2048.809482888411	46.52431244092698	84.72988849258944	207.43608503064226
3257.6996768868066
13	9
0.05295294235346787	0.022986836116047057	-447.0	6.611248114098981	0.09834348959802287	1.238667778993318
13.83122738124881	10.022986836116047	1341.1207894435179	50.520450385703384	84.79818595613777	206.88395969979862
3531.2683250698974
13	10
-0.7389198731615166	-0.05634671410153183	447.0	2.0414139727852554	5.893894290825809	-0.6330815032791802
13.609180851897747	10	2690.1444095461725	47.55082097371856	86.90061482758118	205.72111107327547
3461.995934613658
13	11
6.302443356426134	-0.011003721181707223	-108.72937760287985	12.0	0.8093600893592964	-1.7940768461698293
16.302443356426135	10.003277010099616	2222.450606757123	86.48352086765753	84.028613455985	205.06756715543992
3448.225229584805
13	12
-0.2325371914233254	-0.19629662638397272	-447.0	-2.4989661610214005	-8.533714065136035	-0.024094094830416746
14.133639386424274	10	1553.4635573855444	45.798596733095735	79.7298618359228	206.06498999513542
3389.4609849293247
13	13
0.12824943050336157	-0.07982409207981123	9.124459589075341	11.679546953989666	0.0052422586752986335	-1.1480471860933752
13.861094652776618	10	2054.2469813394764	44.35871057639547	84.73448630807287	205.50005127435898
3585.9809097019006
13	14
-2.83439723906394	-0.027271591018683004	0.5975978486740422	8.803668763994567	1.0883979141347826	-0.76084530301542
14.583452397556485	10.022645552878238	2049.1784633155416	52.62649489895339	84.82366617700708	205.83601070534814
3643.2372475997663
13	15
-2.3172152481488286	-0.23931957015531893	-167.35908510867952	0.2044770272994905	-0.27619236855947416	0.33547696202390953
15.911163786336237	10	1936.9773306169761	46.6236648794883	84.7157994238716	206.27435246242754
3614.5676254492496
13	16
0.028312845615575906	-0.4200128572989798	109.59038479941837	12.0	14.25	0.016475685274941854
13.8449054298438	10	2050.840380247993	51.76791122436323	97.01409377903465	206.08190364098078
3551.0512513815593
13	17
0.003064690168699323	0.00923775911743438	13.058772387470752	-0.5523709536206023	0.0957084641287786	-0.0033457220868409084
13.847282055842452	10.009237759117434	2053.275673847692	46.746817263016965	84.63325744410405	206.02350455178077
3664.8759986919445
13	18
0.004082128766046585	-0.017024224267373284	64.45566212757086	0.21476204498956658	-14.25	-0.06607634951821083
13.846855584329381	10	2082.5257271352066	46.713597329311725	74.98127158071269	206.06224279374132
3447.1396987047183
13	19
-0.12921467588201305	-0.16956449097369808	-306.57796044577356	-0.3062296253318367	-14.25	0.16493301979677147
13.798848782970712	10	1866.5889118068635	46.260581666546905	84.06238860299176	206.18513417758237
3578.1031873681845
