7	0
-11.069910650816354	26.048016158300022	-447.0	11.156284336586355	-14.25	7.5
110.8450385830461	128.08872360715324	1169.0760337310198	43.08381881882055	81.62155874547128	250
6400.0
7	1
-0.9014628676221148	7.020323965612793	44.613305793623496	2.00656710204738	3.226818652947757	-0.00454236002543304
118.06166418493031	117.12639822453873	1452.702407443985	54.630434394531555	93.3405799290839	224.57730641202915
1329.041446678145
7	2
15.338954865522938	50.64478266141839	-447.0	2.8778586789748273	-8.40439778982926	7.5
122.19461368637357	126.56858277798565	1097.2083869104208	56.529180529216	91.59560221017074	230.91295730449113
4609.417055014632
7	3
-0.9911273806506247	51.0	228.52652922169582	0.11295397888568724	0.03156375370593917	1.4907908353125534
118.20646359313056	140.82653266801202	1564.5590557984185	56.657881686326334	91.45010235857148	224.97051035694508
5787.905283645187
7	4
0.1535259568013182	1.260236493894798	-309.4139432663022	2.7506982770809225	-5.468259029362606	0.013599553508871487
117.63874950153485	113.49213865925675	1223.976917359228	56.22393924304935	94.5317409706374	225.17471125441307
1757.2369616796684
