15	0
0.11753337888196944	-0.0005170000242524331	-1.9403684582659686e-06	2.941393397304674e-06	1.1574492055057366e-05
0.468622669280616	0.5002051919516542	30.00000047768041	249.99998696678486	99.99999140989408
50.416
15	1
0.0018889388664501993	-0.03833452625789136	-0.5839399915434129	-0.0006997609590520566	0.003131278794890714
0.40108780035780345	0.4970991177974986	29.746464482657203	249.99930023904093	100
50.416
15	2
-0.0001670880223318621	-0.0008348115893382446	0.006258563511733083	-0.005351099852457614	-0.0014724642277110598
0.3999134523131689	0.5000985351359286	30.024503759037582	249.99464890014755	99.99852753577228
50.416
15	3
0.003722413073767219	0.03300536814299753	6.635880582773705	-0.0006780671234179935	-3.1819571517740156e-06
0.4070933106533722	0.5100789185995542	34.59544065562453	249.99932193287657	99.99999681804285
50.416
15	4
0.0045752900502092075	0.0023143550825461736	7.086729208277541	-0.0005239274964445326	0.01609325638080729
0.39442125210071577	0.5004920522424683	28.273880158029677	249.99886738574867	100
50.416
15	5
0.0037728003951741315	-0.003120420312594837	0.18497078565278802	0.010067535912784267	-0.00445443610809752
0.3975383707842833	0.4995921515205787	30.087107226862674	250	99.99554556389191
50.416
15	6
0.15	2.1692665293939137e-06	-2.8136466072741917	-0.002467820020205965	0.0017866655719793365
0.4906557107194337	0.5000010082811295	30.605697174191025	249.9975321799798	100
50.416
15	7
-0.0044101334989461415	0.012029130333262921	0.31683122985019363	0.0012419651327858663	-0.007593610699688999
0.39751234272429015	0.5065308221195074	30.123009053942145	249.99778953429225	99.99240638930031
50.416
15	8
-0.14796957435399272	0.0007250449068317995	-0.41918851823918074	0.008631614046650974	-2.9464803555293744e-05
0.2966097153239359	0.4993956579441131	29.795746969550578	250	99.99997053519644
50.416
15	9
-0.00016962095179554623	0.0036082579193579514	-0.407758329995542	-0.0003383082937575475	0.012612465139446156
0.39987349410055906	0.5018822066538681	29.96837565879026	249.99966169170625	100
50.416
15	10
-0.001204070549079983	0.00228604185495641	5.302254776922428	-0.01587345908982434	0.0011492265241224862
0.400044137870884	0.5014499600464777	32.860947331076545	249.98412654091018	99.99952935054972
50.416
15	11
0.08520398082475687	0.10280099939729932	-0.10359535004728174	0.02609460230902135	0.02606961027271182
0.4531933349565948	0.564657875665213	29.931997559106538	249.99823003617453	100
50.416
15	12
0.0035406217501615664	0.15	-0.00160301100400342	0.00483137853710726	-0.0005429342937913886
0.39841553089796844	0.8334337792827801	29.99893556894463	250	99.99945706570621
50.416
15	13
0.002767223551042924	0.005865859392036067	-0.002418775626397404	0.0007249617669867454	0.005763448208594046
0.40171746419688403	0.5023446993409787	29.998346714590216	250	100
50.416
15	14
-0.006416466446019738	-0.0011412303892319982	0.06598964101856816	-0.0037609047604194204	-0.0077247699408925915
0.3957643689421119	0.49946077749302975	30.07870753014044	249.9962390952396	99.99227523005911
50.416
