7	0
-315.51748954082467	0.019669884333799764	150.0	26.344525962438205
318.3627887346942	11.307335998744565	354.840669073369	94.29418086899915
16677.05666666667
7	1
-450.0	9.759478208462978	132.65451558455746	3.0333440854938156
165.84018118607923	17.636231871604096	298.385598646891	92.1649729547845
32789.69466666666
7	2
20.13838174174861	-1.8446684818521444	90.08409866908802	-36.3887958932645
405.9172526006712	12.159480554857664	273.48670851603464	68.48959572750412
29367.542
7	3
3.002258692803583	7.720107854339873	68.68829985807646	-37.5
380.29331167150383	15.865212488927053	199.51132363980378	55.631640268595575
22951.60466666667
7	4
450.0	2.8238000018767835	-2.351211138590374	-37.5
1214.745123519479	12.683626221778113	222.0970186136308	56.73585543804058
22552.52
7	5
44.17635482543143	1.0007339811906386	-130.73674137841311	3.926367542314805
361.3606261458697	11.674340372092267	151.364419123529	92.32548171181462
12847.346666666668
7	6
-40.122325359750064	15.0	12.281946976637585	1.3382793891899192
403.9065023358002	31.3163894052128	228.67439232757616	90.43357122012969
11132.088666666668
7	7
-57.80089544126598	2.3228989711564454	-27.564714123806986	0.0688418557973402
388.49554793686247	12.584879160750088	333.4271447926013	90.33811687819619
27771.757333333335
7	8
450.0	-10.116786372824302	-7.0967126016657325	10.642996630653325
1316.3482499272336	9.61432830673053	218.30084879435464	93.68806767749318
14880.197333333334
7	9
450.0	2.4961161802955534	-9.25749891594938	1.0020391567424192
531.7537012917905	11.631190410663132	223.94088487005538	92.34863076232105
18300.059999999994
7	10
112.5049578073176	-2.2562575253130692	1.6680864257012251	4.004028926893122
429.0599376932221	10.657781115763008	219.76657883048134	51.13175562256769
18107.01933333333
7	11
105.70415921860936	-15.0	150.0	9.411779690353223
469.6766655087978	0	193.0913412229611	96.25910354754878
19678.152666666665
7	12
41.395722618443216	-15.0	24.704292815865813	-6.026440533362892
432.2977771533409	0	224.1613962576078	85.81142184540086
19740.80733333333
7	13
70.449147321487	0.1600647070555869	127.56584823595801	3.7131123396312216
436.8352578291896	11.189478410528826	308.01481554148774	92.09787156184326
23234.810000000005
7	14
-12.232211690899534	-3.5998637030964926	-128.10418780472548	37.5
396.120164849166	22.730722621935506	142.84156024676827	71.91955397500321
39909.65066666666
