4	0
-75.0	-54.08145654710558	288.81304610113546	-2.9249060992738682	-4.94388929660046	3.829487530272344
211.92131997338075	94.07570833333334	4420.5951570210755	5	2.3105648400885848	13.829487530272344
74.57613604302595
4	1
1.6848683370607906	20.681603720000002	179.51025786372938	-0.07505772849882442	-10.515998008556275	-4.026855411830637
314.4695652374616	114.75731205333334	4338.641686909959	6.707210860541603	0.9520654038484846	10
103.61069805286935
4	2
-0.20559560875715888	4.900456725595609	663.2338839095281	-2.7441323111793143	-0.4581787456735347	2.81926951541032
328.64749776840443	98.97616505892894	4515.634934396855	5	2.7795455811738017	12.81926951541032
56.89120997184114
4	3
8.012889131540893	-28.328402047000086	-38.68188471942827	-0.9030889859768485	-0.46667467074432445	-1.9829530295234317
334.1419055006186	94.07570833333334	4224.981520488238	5	3.1155236014191074	10
55.78165126749748
4	4
-11.398062749742245	-48.90109460797548	-663.2338839095281	-4.050693220608325	0.31378320440789154	0.6536092027636335
322.580470965604	94.07570833333334	3776.402327459193	5.184235396329244	8.141981004673342	12.74871241713154
98.65832315194609
4	5
-51.07299565602048	5.090988944931807	663.2338839095281	-3.396215438947871	-0.22457287427919675	-8.714583654564674
294.4301484791115	108.43983570050452	4515.634934396855	5	2.8346529858984493	10
83.30125646444165
4	6
30.883744073920695	20.681603720000002	53.31206038132134	-0.2500010495465019	0.8973459815767009	-1.6234147072227387
350.0322449955042	114.75731205333334	4248.914804013029	6.102734019646217	3.0711957055038783	10
58.991416937959976
4	7
75.0	-50.57235376950641	-32.1784225423854	-0.9147716393817894	-3.9644127101936166	2.874952575285367
370.2265503920945	94.07570833333334	4230.790245533319	5	1.293555557064494	12.874952575285366
80.99740018286244
4	8
-75.0	-42.50057184885518	92.78209850689632	-1.1212650144994334	0.3132325536964421	-1.4255356445580034
359.35999151814957	94.07570833333334	4274.435880731799	6.3519349855005665	3.1288897151688464	10.510050021200708
62.16973566920423
4	9
4.039173837405192	8.175512087199504	21.031227223351145	0.6957946547184567	-1.1104026613834699	-1.8800334639959162
332.366114624936	102.25122042053285	4233.979255683656	5.695794654718457	2.0517109249804633	10
61.44673222108958
