52	0
0.0011410574481309397	0.0004684891366544337	-0.0016441993816502562	-0.004778537402258787	0.0018378983796159775	4.681339061429434e-05
0.7262488166224632	0.5192001299150463	0.2602919905202368	0.06634073188843838	0.008644754939142204	0.003411431612579356
0.3899796030972847
52	1
0.003110996987819189	-0.04446663658722157	-0.0048046837271500135	0.04834774955089656	-0.0014539821083332204	0.0003531582750886999
0.7260514836328996	0.4918944121222704	0.2582668942354036	0.10185439579893474	0.008173243249767703	0.003510796057959647
0.42691641415846365
52	2
0.03375286395804248	-0.003565189310781718	-0.008515858044326887	0.011745637247297368	0.011809727415815926	-0.0007235298419216332
0.746994499543094	0.5164633624797308	0.25734986924262787	0.06422772780874553	0.011809727415815926	0.0031172521336034643
0.42407530033139706
52	3
-0.004610952684918033	0.5801781294689782	0.004329599510716384	0.01370917400892162	0.003974496548647239	-0.0008513507080565798
0.7218072544591019	0.7452660378033847	0.2654805297043711	0.06960775791415898	0.00801170545927643	0.0028103820725805043
0.46616892322811687
52	4
0.00017430155243114193	-0.406320524499032	-0.007638217374905524	0.006365170968542925	0.0022985229828091963	-0.00014558675413503202
0.7256862709683098	0.43368619776169326	0.26066483212167973	0.060333487312791985	0.00548155211175567	0.0033162600283139637
0.5992102395672684
52	5
-0.004406385403183403	0.0017965247382504303	0.0762171633929273	0.04773984355041391	0.007387290886949277	-0.001983152109278528
0.7219976573914816	0.5197187200217827	0.3051307784105969	0.10291018981392969	0.010397711721422957	0.0019325825027414292
0.4612229268450779
52	6
0.040419008943390324	-0.009670357871174476	-0.11742573722320518	0.02772936936543963	0.016381112986284137	-0.0020883997925347756
0.7529715349016289	0.5371524797078817	0.23940338168594374	0.08283544760653137	0.016381112986284137	0.0026030477799108306
0.5222833578802588
52	7
0.4050310199727917	-0.03804745999043522	-0.05150032448748009	0.06547944788319672	0.021874140857845073	-7.306747635375119e-05
0.8992330573298524	0.6203127625366591	0.22956501419598196	0.10859549276576047	0.021874140857845073	0.003325955958830421
0.5807982493269674
52	8
-0.0031680136074650786	0.00843586309719003	-0.012427066858419338	0.025747347763624206	0.0020429464277985712	-0.005257616109301728
0.725320645822344	0.524826518603787	0.25245041133954893	0.08027316260439575	0.007643828036447484	0
0.4169808641285463
52	9
0.017693117530157232	-0.00038703448594411407	0.000539406621047276	0.02108033216646974	0.005417011122237239	-0.021222411202742528
0.7333430043146993	0.5186509163194708	0.2603954206112561	0.07719177399957579	0.009962035281859901	0
0.4466472453723248
52	10
0.04570431648793388	0.004904430581144956	0.01629107658731762	0.07087599721053309	0.0007693266647656151	0.0025847689157153216
0.6945398140346748	0.5199850863234518	0.2529223995062994	0.11763342464340693	0.00645225473846355	0.0047572505040934104
0.7879487793538084
52	11
0.003997257629576406	-0.003667629918495342	-0.002337944275730501	-0.008020904948686581	-0.002967366618543061	1.390936493099927e-05
0.7276805815005928	0.5174687635687928	0.26018603858124256	0.052457463790395065	0.004636467240929839	0.0034038444483364704
0.4004733513711167
52	12
-0.002932048199871404	-0.002467470804431642	-0.0053857554626670166	0.014127312914575035	0.02296899651671041	2.0907349111569207e-05
0.7241226051618016	0.5171949333882884	0.2645423996653689	0.06991244193089206	0.02296899651671041	0.003363567198124648
0.4117909001687024
52	13
-0.006514919115999563	0.02155824155304217	0.0037133555319327537	0.08170354487495166	0.022390298430798452	6.220848326438998e-05
0.7209685579290519	0.5254492387784732	0.26482758345273194	0.08170354487495166	0.022697829463074182	0.003361178112142574
0.6144632673209759
52	14
-0.04873015056407032	0.0037459019977324802	0.020976808908712265	0.03366852199402171	0.008388787383994522	0.0003928889801535682
0.6926921027784863	0.5198133776544714	0.27024239331395994	0.08818940237684411	0.00982268134143935	0.003619712154414886
0.4837002501325966
52	15
-1.2490117432454668	-0.10688591197091529	0.0028736620391088623	-0.0597821373474031	0.0007402447027131561	-0.0005449660562626631
0	0.4377741220093843	0.26285659846325804	0.08203133591969428	0.008349115875096194	0.0033850795309739064
0.5188445217666684
52	16
0.0533959987915717	-0.005645478592084618	-0.2574575725632491	0.011175109044575148	0.009367119833778113	0.0004042727317262265
0.7694362140393975	0.5175329908938228	0.43532168628509105	0.068366550228646	0.0132941483162351	0.003362712042347747
0.8764542781228087
52	17
-0.004372422420307715	-0.0003357950421955441	-0.10216150806385826	0.04771308985994268	0.003574615821683332	-7.064723332622507e-05
0.7225183733662555	0.5185589773496041	0.23775179470143637	0.10176971756203093	0.008703242931788634	0.0033415656870820513
0.42504385825115953
52	18
-0.14701003681850355	0.36397509699130254	-0.001640311690978332	0.04184353354687914	0.0015823626695904008	-0.00010445784375267276
0.6214556577696825	0.7581551725477582	0.26093765275365527	0.07638702941115212	0.005777898233936263	0.003308143613207071
0.6051811325294666
52	19
-0.001164169112254242	0.3294793042476328	-0.07270067193123854	0.027509050392536337	0.008991780950693026	-0.0009657448575014566
0.7243496063061275	0.5381365117226171	0.22749526028014683	0.08092365754555371	0.008991780950693026	0.0026859793041841278
0.5248904244497448
52	20
0.1734421559745601	0.011762639065856147	-0.28578893535558225	0.01395261198748865	-0.01852901356663544	0.0016220689744789116
0.8272647087872341	0.5270114525920915	0.31854407338440427	0.06795761433548184	0	0.004411186543802298
0.6572611826883863
52	21
-0.0031805365041859632	-2.447180936874999e-06	0.00727701811482526	0.03891152105416839	0.0014537536384886598	-3.097061249984915e-05
0.7234613945339381	0.5187575579980022	0.26678921295800384	0.09311599217982103	0.00728916530261837	0.0033761884575116657
0.4098354200702757
52	22
0.11929572299011354	-0.006815512661895517	0.016412066685963025	0.03001653065119297	0.015442754261967206	-0.00017750243540170363
0.7897659898805836	0.5143751766418603	0.2543086354468729	0.07771327626525708	0.015442754261967206	0.0032466752955094625
0.45202917165594586
52	23
-0.0011604237803293995	0.024949821890336787	0.00930493472261901	-0.04483031297544163	0.0015012499214644274	0.006607595675967175
0.7257662557694293	0.5132731060052316	0.25389465383020143	0.03968508180640454	0.00370360938986054	0.006607595675967175
0.5470024187886396
52	24
-0.10044299615858318	-0.022037058943368354	-0.00014421332488654147	-0.09009041214413782	0.019985725552112935	-0.0017615308199841124
0.7275924588033479	0.5096237328619515	0.2620032948119075	0.009709544468961107	0.019985725552112935	0.0023066938602122732
0.5672582816395172
