5	0
75.0	22.697345530247453	-181.2031126028985	0.633116343297168	0.9025198289892488	-2.417482044027654
500	116.7730538635808	4239.392044418177	5.633116343297168	3.2130846690778334	11.41200548624469
67.29341973097503
5	1
38.55713244847275	-19.614036661058613	-184.42765448349815	-0.3165719244359459	4.7156869463860085	0.7377199114473728
353.0266976859344	95.14327539227472	4154.214032426461	6.390638936105657	5.667752350234493	10.737719911447373
61.628143082904565
5	2
0.37978664080338137	2.9558154057889965	-592.9632276373767	0.9504236514208251	-1.624674440656654	-8.25397571806514
329.0272844092078	101.93198046471794	3922.671706759478	5.9504236514208255	1.1548711405171477	10
56.89120997184114
5	3
-3.4170994054498385	6.350866723886825	9.16366107836771	1.774423296594117	-2.66102514191499	0.3632769950086927
330.72480609516873	100.42657505722016	4234.145181566606	6.774423296594117	0.4544984595041175	10.363276995008693
55.78165126749748
5	4
4.632564050529206	28.92943767803147	663.2338839095281	0.868026465144305	-14.728228614027362	-0.46493285973568055
327.2130350161332	123.00514601136481	4515.634934396855	6.052261861473549	0	12.283779557395858
89.10116395099817
5	5
68.68007526705455	-18.13651186619554	-408.7734959950426	1.8591193591441915	-1.3107916097946233	1.5965117255162482
363.11022374616607	94.07570833333334	4106.861438401813	6.8591193591441915	1.523861376103826	11.596511725516248
64.13566354405486
5	6
-39.74793440608564	-14.205080094101103	-15.425905544403339	-0.08263883048117193	-0.9737744700290016	0.29740957436320575
310.28431058941857	100.55223195923223	4233.488898468626	6.020095189165045	2.0974212354748767	10.297409574363206
58.991416937959976
5	7
-75.0	31.679104765486436	12.461313323188293	1.804716128262507	2.3591584871892817	-6.587665672270745
266.8446139406725	125.75481309881977	4243.2515588565075	6.804716128262507	3.6527140442537758	10
58.26941973097503
5	8
-57.91586646289709	21.30498943838985	-47.158005888240865	-0.395191436877862	-2.8409773218449104	-0.272547227766578
301.44412505525247	115.38069777172319	4227.2778748435585	5.956743548622704	0.28791239332393603	10.23750279343413
62.16973566920423
5	9
-0.7399766470126312	-1.4977538143749491	-3.85292082731793	-0.12746958074442127	0.2034257675654517	0.34442213060405186
331.6261379779234	100.7534666061579	4230.126334856339	5.5683250739740355	2.255136692545915	10.344422130604052
54.16859801485173
