34	0
0.9074418522948361	-0.008274806153360256	3.5030364862527654	0.002469733851533345	-0.0007828386698435741	0.0037289274247428957
149.8367181720791	16.126289364649757	446.94122573440666	70.35013632750909	80.22473690447632	244.4325265084184
1207.291074567215
34	1
-1.1293030766121911e-05	0.0024046256648515554	-59.58255070097589	-1.2393987726125921	-0.00036779690519004097	-0.027365602788095966
149.36552667383918	16.12689071014861	470.06391013290835	69.71953907901077	80.22505147747314	244.46089617382287
1180.5415774965318
34	2
0.14947351873841247	0.5667094511334945	-10.056519430470335	0.10128109178373028	0.05261677291203927	-0.0005972657616153237
149.38242888307346	16.29587352403958	443.1196720364945	70.3237027280276	80.24848610134013	244.44058871409214
1189.925205263952
34	3
-0.004483733801114354	-0.001340726206667487	-0.12437164145341673	-0.10097819624977059	-0.001044562947242089	0.024441850803323947
149.36348013410034	16.125113403230706	447.6412384773579	70.31573117336404	80.224625569235	244.4537877941898
1180.7291295341959
34	4
-0.0062936611562260485	9.698027651786525	-20.393183467790116	2.128369590702861e-06	-0.0317197224418374	0.004431663149299237
149.3616468356677	19.698027651786525	434.4409876396166	70.34886694412847	80.20508062158441	244.44052657902554
1251.6589808912258
