1	0
263.4859855640344	-15.0	-148.74429142659886	37.5
608.2420369806748	0	258.0880532461845	85.89825751189875
171.292
1	1
450.0	15.0	-150.0	-37.5
1307.0084562756426	37.09876493722309	0	18.64064384965873
7010.4906666666675
1	2
-46.30105136757925	-15.0	150.0	-37.5
487.88191319202554	0	394.2290134806579	0
1968.7093333333332
1	3
300.4241008878913	12.607272705035221	47.375028677014086	37.5
300.4241008878913	12.607272705035221	47.375028677014086	150.69330660437208
6831.858666666666
1	4
450.0	15.0	36.907991694509256	-37.5
1132.2214738892642	35.89815329809746	36.907991694509256	142.03668921030612
6728.645333333334
1	5
450.0	14.798172184208017	150.0	37.5
1189.1850743724967	14.798172184208017	357.1976689393829	185.33516415989445
875.768
1	6
-384.58551021101914	15.0	-83.52701069044942	37.5
314.3206152792342	15.80544763885186	316.98784971477005	102.0990813600258
824.9173333333334
1	7
-125.21770811230644	-13.092829224618459	-150.0	20.01848957966396
327.80526145691965	86.90717077538154	150.6488793677941	102.16435905970013
2122.616
1	8
450.0	14.817230702906095	-76.34265075533425	37.5
575.3148940282764	14.817230702906095	332.4814178798483	80.89103071596377
5148.870666666667
1	9
-450.0	-15.0	-150.0	-37.5
0	42.901778011569455	396.2934179510133	26.811129219219254
2233.56
1	10
450.0	-15.0	150.0	37.5
1185.0308381965906	0	292.55008867682653	250
8583.778666666667
1	11
450.0	-15.0	-52.029387005282004	-37.5
1040.5894128023183	0	284.83964460298427	0
5497.4293333333335
1	12
450.0	-10.355574253328424	150.0	-37.5
900.8797179396292	89.64442574667157	705.6814000242687	105.52091895420969
6134.673333333333
1	13
450.0	15.0	-150.0	37.5
830.206231594711	24.407983637545726	42.9659974903704	159.3037171242824
86.39333333333333
1	14
450.0	15.0	150.0	-37.5
875.3542770611523	31.82822570845624	345.29876987027427	0
2156.4693333333335
