1	0
-450.0	15.0	-18.671853366542102
918.937606196921	88.84003870093036	550.5407021226505
56.830000000000005
1	1
450.0	15.0	150.0
2064.024555125454	100	1000
33.23533333333334
1	2
-333.2430272031575	15.0	-150.0
977.3127997378485	100	547.4104688482965
1045.0213333333334
1	3
372.8945631370611	15.0	150.0
1385.802400939033	100	952.7533477787861
32.60266666666667
1	4
-450.0	-15.0	-7.750947806801647
1734.5518808903987	0	662.8681257381288
61.366666666666674
1	5
450.0	-15.0	150.0
1896.1883343832849	0	861.7094169569261
32.60266666666667
1	6
-14.6025818533805	15.0	-150.0
1648.3277220969894	100	224.3307026170121
32.60266666666667
1	7
-450.0	-15.0	150.0
1217.1206603499743	12.760235750894893	205.34571398121986
32.60266666666667
1	8
450.0	15.0	-150.0
1151.8753255301776	75.59610631834967	0
43.334
1	9
-450.0	-15.0	-150.0
0	83.38791805916091	47.9760497446232
32.60266666666667
1	10
-259.153936991976	15.0	150.0
1205.4734629527125	100	758.6651509175526
32.60266666666667
1	11
275.9723980410171	15.0	-150.0
1198.8285895805468	100	81.9429311343174
32.60266666666667
1	12
-241.00766508147535	-15.0	150.0
1616.8871384071958	0	833.8882211654144
46.03333333333333
1	13
450.0	15.0	150.0
2731.6295682483697	100	553.9357086220866
32.60266666666667
1	14
-450.0	15.0	140.25382725443205
767.349667868658	100	651.3213190825662
360.56533333333334
