16	0
16.89903297078248	0.5344163371993671	6.946011583872198
177.08417271367912	61.803927613886906	586.962294894407
188.24800000000002
16	1
12.991586952468623	-0.48848269407272826	-42.301320249851116
166.80738048182317	61.5582887781344	620.4510432994491
132.67466666666667
16	2
-5.6063432267421796	-0.8274313045538366	6.310297405223565
161.33001554911593	62.0974427218203	625.7102081884125
362.55199999999996
16	3
31.864154283879987	0.0008667444564152018	0.08180403784395295
183.151599507873	61.563025233697644	622.5428572581436
12834.679999999978
16	4
1.7425105190641732	0.05725836123459345	-53.87202218959661
166.30542195975195	61.646871033361826	590.909080702357
31945.082666666647
16	5
-14.900105959402143	0.10258326370687751	2.626732324918789
155.81110783609566	61.62224622962172	622.1596097049169
132.67466666666667
16	6
-439.98053587818526	0.06731798125324831	-0.218072176224004
2.971472121827844	61.550265505014636	622.4182657891213
145.744
16	7
0.03489572668218889	-2.615759280756537	-150.0
165.176743702085	63.37461314441917	24.06286509780068
132.67466666666667
16	8
0.8422238803150593	-0.04634809551688473	15.927420050156089
165.05509265066817	61.54301498745123	651.2904147623502
366.424
16	9
0.033324425281427046	-0.020415395563808586	150.0
165.13031098920612	61.54937994633907	857.7221437422718
7873.1013333333385
16	10
-1.803646086126947	-15.0	-150.0
168.66788669412875	21.043655303824224	290.2962209696451
341.9013333333333
16	11
-2.2610913175935288	-2.299514728852915	0.07429398437209156
164.53801673073477	60.337112547656076	623.3728800602254
337.208
16	12
6.656582763141718	-0.03002072388910762	22.96499963336022
164.8873534709689	61.55009299481949	634.7100982581387
262.776
16	13
-0.0789936128089324	3.3108191567749268	12.63581387597166
165.22781990945714	63.88877261798588	630.5280799590994
8155.160000000004
16	14
10.221302956437206	-0.07056083823452027	-5.302727517743437
171.3342353006137	61.353233692917485	618.8363787050004
7729.496000000005
