24	0
-0.07984170052842178	2.700224701262619e-06	-8.06006495312664e-08	3.6416980542248695e-07	-3.070179656074306e-07
0.3463119700581405	0.49999786835963556	29.999999952984524	250	99.99999969298203
50.416
24	1
-0.0001267222170620378	0.00012201471682776379	0.000707630399323897	3.435332509856331e-05	1.4562656477124648e-05
0.3999256541774461	0.49985303891245025	30.001229916330903	250	100
50.416
24	2
-5.775220878749113e-07	3.1412865700999645e-05	0.25638886940956995	-0.0002257066259879673	0.00013762721507856542
0.39999960887575586	0.5000173176996789	30.19457858693033	249.999774293374	100
50.416
24	3
3.9695080928628076e-05	-0.0024888284996042766	-0.0078062613893366455	-1.38303139222811e-05	9.662299521472842e-08
0.40002164480591446	0.4993450527067228	29.99840656681246	249.99998616968608	100
50.416
24	4
0.00025992959126389933	6.903518989121983e-06	-10.09866018458344	8.299546801220638e-06	-3.8415838266194574e-05
0.40007714023010804	0.4999854642253616	23.12889164786419	250	99.99996158416174
50.416
24	5
0.002011868034094586	-0.0009224166988364491	0.14725852489820737	-7.858929805835532e-05	-1.1691230297342574e-05
0.3974293482510892	0.4994902508571118	30.029336231909923	249.99992141070194	99.9999883087697
50.416
24	6
0.051231040910696794	-8.06816720387732e-07	-0.09207177322133352	-5.852104636953734e-06	7.361409817874668e-07
0.385162011573876	0.49999953786719203	30.11605651221395	249.99999414789536	99.99999732003668
50.416
24	7
-0.00607770050384608	-1.5238929721749192e-05	0.0009948897272401781	5.083424020446254e-05	0.00023325034049552818
0.3973555440122403	0.49997784165987225	30.00050272290191	250	99.99997503880917
50.416
24	8
-0.0029745385240153837	3.0162086248137206e-05	0.012621235163183434	-2.311316433244858e-05	1.579851415428778e-07
0.39909376055146556	0.5000180814950064	29.98724320996914	249.99997688683567	100
50.416
24	9
2.58296558702917e-05	-6.237468422188883e-05	0.006483388942924284	3.65156227720892e-07	3.675109852045072e-06
0.3999882525274582	0.49996652505801586	30.00469441209149	250	99.9999952222366
50.416
24	10
6.545296022038213e-05	4.774326519092754e-07	4.674907342665126	-2.0069083962388248e-05	3.3812217653175908e-06
0.4000037429128762	0.5000000466728772	32.877920772595495	249.99997993091603	100
50.416
24	11
-0.10960340468528385	-0.011927610115911159	0.00220368527702406	-0.00010656842505640884	0.0001810969835929014
0.37360238249252	0.4932141660417617	29.999626884731384	249.99989343157495	100
50.416
24	12
-2.4893969680831603e-06	0.00046232102608187984	-0.004215703790974726	-4.423761390106517e-05	5.3314807708600705e-06
0.40003964265318726	0.5005001845840695	29.99821196652259	249.9999557623861	99.9999959976086
50.416
24	13
-0.001684573737234444	-1.628759052467329e-06	0.004130011955333219	1.063779771917287e-05	7.343631842713341e-05
0.39902652426968543	0.49999907931078386	30.002032927403967	250	100
50.416
24	14
-0.00044465945838204556	0.005749234486390892	-0.003047152211193088	-2.4319241800291102e-05	0.00011157637850687125
0.3997563422853824	0.5032908140489932	29.999519095662688	249.9999756807582	99.99993814968605
50.416
