33	0
1.3602566795572435	0.0011124820432231106	-3.640864922742452	-0.00018512023701191171	0.0005032535604778035	-0.018236749633765564
148.92927631978426	16.134564170803117	443.4381892481539	70.34766659365756	80.22551974314617	244.42879758099366
1207.291074567215
33	1
1.0061015071135026e-05	-0.0017190438303268198	157.65636257506782	-1.1025978452756644	0.0015538903090373298	0.09748047700987811
149.36553796686994	16.12448608448376	529.6464608338842	70.95893785162336	80.22541927437834	244.48826177661098
1180.5415774965318
33	2
-0.22959608545514096	0.25868294869983843	43.82312601177767	0.2922979000958522	-0.04160824032283564	0.0025724358242397226
149.23295536433506	15.729164072906084	453.17619146696484	70.22242163624387	80.19586932842809	244.44118597985377
1189.925205263952
33	3
-0.002795115057027529	0.0012844034063845939	-1.9271718812543757	0.0973184327953378	0.0007255981144156632	-0.02207647905937247
149.36796386790147	16.126454129437374	447.7656101188113	70.41670936961381	80.22567013218224	244.42934594338647
1180.7291295341959
33	4
0.006453387185068872	-10.026207022182884	-7.798383362824884	-1.789894042207974e-06	0.016631694198215693	0.006287432393265835
149.36794049682393	10	454.8341711074067	70.34886481575889	80.23680034402625	244.43609491587625
1251.6589808912258
