20	0
0.20419281566051997	-9.685734741132508	-23.66494609692393	-5.38328394033028	-0.48187857039006965	0.11235708517986229
149.21294946902535	10	436.50823969405883	65.78937912621873	79.87487845868552	244.35744935849732
1186.6730846678693
20	1
0.001612433125714281	1.6508356261375057	-1.0035290476841152	0.5653186728943984	0.018511863655708453	-0.12016458438970179
149.37330699129865	11.650835626137505	448.7753428729682	69.11158501688078	80.17746055348823	244.79614830967947
1163.130938466126
20	2
1.800266398706691	-6.99881092009724	72.60237669648453	-12.0	0.16093048042389416	0.2984488310232112
149.98426055876695	10	459.5167850024677	55.04836953467475	80.26236894977511	244.0023491936749
1195.7942024965828
20	3
0.01445135843927085	-0.17891537568626698	17.572960971474757	-0.7772976488154821	0.02466312061631619	0.1663787296114408
149.3922941400297	14.736460298059514	461.1052721763176	69.8536684838712	80.23415584216912	244.52382147002865
1232.6076745722692
20	4
-0.08836371404577703	-23.755773035931487	260.0038885565784	-1.962543801600305	-0.16178999055488819	1.066089737008744
149.31755487632176	10	549.3441510710686	68.39033342583296	80.08529051459496	244.97058864724931
1304.9604223000256
