2	0
-421.9314890159578	8.964363332383286	-57.84939766168517	-5.156967353113652
186.310547964717	8.964363332383286	200.2386555844993	80.74129015878509
6857.640666666667
2	1
-450.0	-15.0	34.40970633290773	37.5
0	0	34.40970633290773	84.64459819895818
7010.4906666666675
2	2
-28.299429188947656	12.314200663353102	-150.0	37.5
459.58248400307787	12.314200663353102	0	161.32247534230103
12250.400666666666
2	3
269.0476545501942	-7.040134632821132	150.0	-24.489480126687354
569.4717554380854	5.56713807221409	587.888868291785	126.20382647768473
11505.225333333334
2	4
-450.0	-12.39606626274984	150.0	0.7019260372908755
0	23.50208703534762	535.257500339097	142.738615247597
13591.312000000002
2	5
-155.6411959590423	-3.383946846277579	-150.0	-12.139343319472138
1033.5438784134544	11.414225337930437	90.00118787188836	173.1958208404223
6515.25
2	6
83.6684092360491	-15.0	-150.0	-22.348028252067824
397.9890245152833	0.12223137170128595	126.31692572987436	79.75105310795799
2042.4253333333334
2	7
259.74505125139683	-15.0	150.0	-15.269680311682986
587.5503127083165	60.99559700390937	321.44078118475	86.89467874801714
2122.616
2	8
-429.90047981418365	-8.51876980587856	8.299433513336238	-4.993362729467543
145.41441421409274	6.298460897027535	340.78085139318455	75.89766798649622
7255.263333333333
2	9
136.8512745391616	-15.0	-127.11589021160903	37.5
136.8512745391616	0	269.17752773940424	122.69435546672007
10269.096000000001
2	10
-450.0	15.0	-70.45636250106406	-13.854539757362001
0	23.76884144418843	222.09372617576247	236.145460242638
9046.858000000002
2	11
-450.0	15.0	-150.0	37.5
0	15.34341502771705	116.68429984875803	250
6993.617333333333
2	12
-450.0	-15.0	-150.0	-7.946841244624546
184.92605582474494	0	223.3666924016078	97.57407770958514
11818.918666666666
2	13
-450.0	-15.0	150.0	-11.901607787748354
0	1.4818478411199791	334.07638061540035	147.40210933653404
86.39333333333333
2	14
-433.07754445839214	-15.0	-150.0	37.5
442.27673260276015	0	120.81809738122075	167.6571360726106
2156.4693333333335
