29	0
-0.02630520721534672	2.5073581616716164e-08	6.741115428026898e-09	-1.0681299031880978e-08	-2.4463399491614975e-08
0.419838091955854	0.5000000044001579	30.00000000422641	249.9999999893187	99.9999999755366
50.416
29	1
4.0373154009640234e-05	0.0009305906586635054	-0.0002015049470614691	-2.5560107815110817e-07	-1.6034145205637708e-07
0.4000179178642661	0.5005313593020944	29.999935985437048	249.99999974439893	99.99999983965854
50.416
29	2
1.875085475296074e-06	-3.7862378684369818e-06	-1.3578918257377666	1.437694101922184e-05	-6.096798344413013e-06
0.40000088741153295	0.4999989159498778	30.74320632312248	249.99999333008373	99.99999390320166
50.416
29	3
-1.6258353965955436e-05	0.0043495969952149355	3.547259469187135e-05	3.7569993329370292e-06	2.391072309839078e-09
0.40000246206447054	0.5029434316362956	30.000117961447057	250	100
50.416
29	4
0.00018806802622010037	6.838602670807956e-07	0.04856677472808846	-1.9260602467961358e-07	6.950501112022167e-06
0.4000309304428495	0.5000009018844354	30.16310416403773	249.99999980739398	100
50.416
29	5
-0.0003105546495614534	6.339494312098277e-05	-0.009838957751575516	1.621535545598933e-05	1.30134201941103e-06
0.39981159227842894	0.5000449722772464	29.993227307408215	250	100
50.416
29	6
-0.00836235050485345	2.8588198754486876e-08	-0.036372893565476745	-2.143669111677149e-07	8.356095825666476e-07
0.40424285374234786	0.5000000026177924	29.99537571861063	249.9999997856331	100
50.416
29	7
0.005948670357446365	2.7312684557392602e-05	-0.0023768488755225646	1.5252558551520133e-06	-4.928482977094613e-06
0.4038632166196829	0.5000166057830072	29.99854359080442	250	99.99999507151702
50.416
29	8
0.0051751998299452515	-1.9357494753032926e-05	0.0009868488773172254	1.90737837257104e-06	-4.550194981006194e-09
0.4031607247171183	0.4999864633956269	30.0005740855931	249.99999985522916	99.9999999954498
50.416
29	9
4.4283991775140996e-06	-8.339769756789557e-06	-0.00043432681375552045	1.2494654650930516e-08	6.924199875393946e-07
0.400002414744289	0.4999951989610909	29.999806948159787	250	100
50.416
29	10
-2.436388938571662e-06	-1.9753520828552693e-06	3.305725245568496	1.095376560798738e-05	-6.325611021299685e-08
0.4000004817870324	0.4999988263149748	31.732066087434905	250	99.99999993674389
50.416
29	11
0.08296280962419274	-0.0032008968937883484	-0.0001430848975401109	-3.966409803359609e-06	-4.3748193724315e-07
0.4581265717743757	0.4996135483952622	29.999908169594242	249.9999960335902	99.99999292122178
50.416
29	12
0.00019938879543525938	-0.003916841678206029	0.000339593673451639	-1.2583240053583384e-06	4.734275673789158e-07
0.400051818128689	0.49967801647209065	30.000059805413546	249.999998741676	100
50.416
29	13
-0.00038087461310902895	-6.378826731547033e-07	8.024904138303816e-05	-4.0446488645326146e-07	-2.3556962166143674e-06
0.40001672749481526	0.5000007811168663	29.99989856299999	249.99999959553512	99.99999764430379
50.416
29	14
0.00024620844111132497	-0.008298761416366245	0.00020507337784719497	1.7108576080074026e-06	-1.5712745610892638e-06
0.4000753454749018	0.4976401951989114	30.00011339687731	249.99999859853926	99.99999842872543
50.416
