4	0
0.0	-50.491164157974616	18.779249779431822	-12.229633221116785	45.22813929797003	0.0
10.0	94.07572779993448	112.8549775793663	47.605343266302064	45.22813929797003	0.0
8.99979874556893
4	1
0.0	20.681607999537597	20.66826500170398	-1.2412482200440056	-143.75460988690844	0.0
10.0	114.75733579947209	114.74399280163846	65.8819895536618	0	0.0
11.556266666666668
4	2
0.0	4.900457739621847	-73.2603937123413	13.5	-88.37503935491375	0.0
10.0	98.97618553955633	94.07572779993448	65.61144605578352	0	0.0
12.275925723717691
4	3
0.0	-10.865071070098809	-26.237317671797648	-3.4635938998176314	-10.219429546942052	0.0
10.0	94.07572779993448	106.17142867144679	54.39124973675882	6.04080905439486	0.0
7.5887065704715075
4	4
0.0	-9.048437526484003	-147.53245872135327	-4.989218813740031	1.4494880162356143	0.0
10.0	94.07572779993448	94.07572779993448	55.97343679066004	62.18331025360566	0.0
16.952381635493946
4	5
0.0	4.5136977615447735	-99.61152848785082	-13.5	12.75382384397402	0.0
10.0	98.58942556147926	94.07572779993448	26.118924494158655	61.74469492872011	0.0
10.306751700162978
4	6
0.0	20.681607999537597	5.502613137305531	-2.310294436831635	30.953711676469442	0.0
10.0	114.75733579947209	100.32444580372616	63.97269271979264	30.953711676469442	0.0
7.739106570471508
4	7
0.0	4.571489734512226	-22.195044005317254	-2.096631652015361	24.25851244913339	0.0
10.0	98.64721753444671	109.14635926934979	54.6569833252464	24.25851244913339	0.0
8.531068864393028
4	8
0.0	-24.209050791691702	-74.61856358396008	5.1879162380825345	2.913961398906782	0.0
10.0	94.07572779993448	94.07572779993448	50.52123650738494	8.210465965374446	0.0
7.739106570471508
4	9
0.0	8.175513778916061	23.849899245260417	3.037747666826272	-49.54877692214026	0.0
10.0	102.25124157885054	117.9256270451949	56.82791597614864	0	0.0
7.739106570471508
