19	0
-0.9912433466351744	0.4451974076696882	-11.534758556943503	1.409059759223839	0.309299600422412	-0.30413397520030555
149.00875665336483	15.899936551479684	460.17318579098276	71.17266306654902	80.35675702907558	244.24509227331745
1186.6730846678693
19	1
-0.008801490860885813	-9.011111496383764	5.477778644563948	-3.085800616235799	-0.10104729069709854	0.6559202204678045
149.37169455817295	10	449.77887192065236	68.54626634398639	80.15894868983253	244.91631289406916
1181.740982436221
19	2
-0.07927620773368745	-0.7423955090914057	38.51194754893693	-12.0	0.008203860627937258	-1.1702118387511353
148.18399416006025	15.662349915680075	386.91440830598316	77.96445644321608	80.10143846935121	243.70390036265167
1195.7942024965828
19	3
-0.1297076147642629	-2.4744126184160318	-9.081273491520584	0.369531385318278	-0.1775182200151041	-0.647314283361027
149.37784278159043	14.915375673745782	443.53231120484287	70.63096613268668	80.2094927215528	244.3574427404172
1232.6076745722692
19	4
-0.036474682685215795	3.3608667226633573	269.3402625144903	-0.0030747495641167697	-0.022970061302021907	-0.818724909417235
149.40591859036755	17.842594534140844	289.3402625144903	70.35287722743327	80.24708050514985	243.90449891024056
1304.9604223000256
