17	0
0.0	-0.4609254647899569	0.2972198423517787	-0.08599385598673988	-0.13604658426779853	0.0
10.0	94.08499553426624	120.44567377597032	74.27125685374524	1.8417164154693002	0.0
7.2161368459167265
17	1
0.0	-0.8492112305730075	71.57023454615543	0.38922736857528456	-0.3954806639707817	0.0
10.0	94.07572779993448	170.64470793327638	73.98565638428619	1.7606277918558983	0.0
7.2161368459167265
17	2
0.0	-0.5622638114079046	-20.145923978127247	-0.20163428916463688	-3.452469460637401	0.0
10.0	94.07572779993448	148.04628975043906	74.30642213460442	2.850542053963629	0.0
7.2161368459167265
17	3
0.0	0.049846403904937435	-4.9061639197204805	-7.087898516349493	-0.9157473661564832	0.0
10.0	94.12557420383942	118.4303505353021	75.9046355265931	1.412925079821304	0.0
7.2161368459167265
17	4
0.0	0.8493743164966783	0.03925701251356195	-1.1638617709536199	-0.9793856754260086	0.0
10.0	94.92510211643116	120.4203694953459	73.51538684638399	1.2497209790727553	0.0
7.2161368459167265
17	5
0.0	0.08290977604722465	-0.6758504396027161	6.55516401478614	-0.31540671562475475	0.0
10.0	94.15863757598171	120.14350909530631	77.67686460290581	2.0726553236904013	0.0
7.2161368459167265
17	6
0.0	0.22919181490634846	-0.2566341708125138	-13.5	0.22286819318193762	0.0
10.0	94.30491961484083	120.30592472116162	66.80106346095867	1.709857574507732	0.0
7.954874808248293
17	7
0.0	-0.003930741242136672	1.2773444201187534	13.5	0.026953412955955165	0.0
10.0	94.07737137702112	125.11065363421329	83.90409176937642	1.9077993220064189	0.0
8.23172686591151
17	8
0.0	-0.4584835768794867	3.1872494143904384	-10.468128477885301	-2.9510491017721407	0.0
10.0	94.45038337809126	122.67976803275343	68.06342842556259	1.284180119119426	0.0
7.437758234616196
17	9
0.0	0.06916206338499839	6.913698883358785	-2.9641508339636182	-0.8022611716218809	0.0
10.0	94.15595539448302	125.01407552813757	72.1761739181233	1.4833024641371209	0.0
7.2161368459167265
