9	0
-21.0	15.536753991989709	-447.0	-9.44931865727032	1.2048762593258149	-7.5
91.48466867293706	123.76982478020136	365.31455691987617	49.79230141440663	89.50896116020043	211.85480727391538
6400.0
9	1
0.09144661780604164	8.067269078763406	40.80688108907778	0.17660655567876987	1.491830065057154	0.8826452816478044
117.6586112909207	114.44990892561657	1468.5706397524987	54.98995148385819	91.80212462940221	225.58209866178927
1329.041446678145
9	2
14.39421774345097	16.91837879224557	-173.28496245670055	0.4980741583651213	-2.2974424230117774	7.5
127.6208184778294	120.45260571075175	1326.9247302826616	56.92878670562038	90.55068727214797	228.9556507876436
4609.417055014632
9	3
0.3548545080118029	51.0	33.672131576654856	-0.008695767749852722	0.09013359778578509	0.12241165087235574
117.83636616610964	131.70362085373074	1458.0055239555138	56.66641772651973	91.26973242404218	225.22672236342584
5787.905283645187
9	4
-0.04833134951182789	1.4768471626167472	-144.84703287003254	-0.020032524483494928	-0.32670907417583783	-0.0182288828864056
117.56188656186279	114.01578926428179	1341.8869142605593	56.59638586163299	93.58104211375948	225.2437059994496
1757.2369616796684
