11	0
0.0	-9.068299824635412	0.8716124307612139	-1.139128451686389	0.5631476926227083	0.0
10.0	94.07572779993448	120.58452675941493	74.3134638855871	1.9078161212054692	0.0
8.354688804873824
11	1
0.0	-11.6747704699964	8.31553328906113	-0.24590937925972906	-0.3851637350921648	0.0
10.0	106.50561799467191	125.45186220559239	67.41572412528124	0.6451857809998218	0.0
8.619738974346703
11	2
0.0	-6.33758807624751	-26.211057352700294	9.581907222949747	0.8653002281348161	0.0
10.0	95.4601894624371	101.36156252910779	73.61746185842888	0.8653002281348161	0.0
8.824472483585772
11	3
0.0	-7.027380857473056	11.612024331816455	-0.7251657493836955	0.36868021343473056	0.0
10.0	95.1169599777814	125.45923769001197	67.9320218149625	0.4324272833102941	0.0
7.733253419548823
11	4
0.0	14.648923840742054	28.022034389547716	0.032109299517956554	3.152681568390804	0.0
10.0	108.72465164067654	139.96717208397357	67.59877487975665	3.152681568390804	0.0
8.23172686591151
11	5
0.0	-13.803943725857165	-19.05989837014737	13.5	-7.14837560712421	0.0
10.0	94.07572779993448	113.84796769793512	95	0	0.0
10.790256172940719
11	6
0.0	-5.001707603110228	-0.5187167838686181	0.8951885189196125	-0.09237678014398652	0.0
10.0	99.87562287240192	119.71904889307007	67.7644402953512	0.4804548587248464	0.0
7.954874808248293
11	7
0.0	-6.885098055935686	39.426305389689226	13.5	-5.287907516582334	0.0
10.0	95.13389230891191	133.50203318962372	36.67182456115718	0	0.0
8.23172686591151
11	8
0.0	1.9679816613985195	-0.041859978904661865	-0.004325761050697378	0.05349372704665995	0.0
10.0	99.63342142223384	119.97492125133398	67.56787319937665	0.6339929570887934	0.0
7.437758234616196
11	9
0.0	-12.612776643508914	-26.158417326141283	-0.2847687208780555	0.9917836229282905	0.0
10.0	94.07572779993448	102.56241452700226	68.16041826363924	1.2210477378378373	0.0
7.733253419548823
