26	0
4.0987170069685455	-0.012401703655946367	-0.4461899590443411
154.75181788122342	61.46288603840286	622.1960217773684
188.24800000000002
26	1
-0.019301109426756974	0.09119652497607071	32.49875603299817
165.16534440752412	61.58247764102022	615.0654698544298
132.67466666666667
26	2
0.975683551632311	0.0033899230483736206	19.731379815738084
165.81986347139133	61.56463563651173	629.9916772334573
362.55199999999996
26	3
0.5664297202913943	-0.0016924279388723252	-0.01133022247861739
165.73843224764158	61.561696121475535	622.5277169720009
16844.919999999955
26	4
0.054927951226450146	-9.3439600750291e-05	-150.0
165.0730406450176	61.56294980629795	521.468664908534
35955.32266666662
26	5
0.2531130191769699	0.05897076701747497	-0.015096755150298862
165.28628283480245	61.602225527561174	622.5398500965098
132.67466666666667
26	6
166.70165300577784	0.006722537881877634	0.12407962316404722
186.58625302085906	61.567342395162775	622.5264703004162
145.744
26	7
0.0435022833401953	-2.429529653213771	39.15389668411298
165.18252125541775	60.3285979031401	641.7611177003342
132.67466666666667
26	8
0.08039011178091776	-0.010592950323644577	-0.48593274557526595
165.20429532066834	61.55914900114485	622.400425331779
366.424
26	9
0.9167363389860388	0.00036425451053183344	23.76791794239741
165.44529666697065	61.56288862545849	638.6941144152712
12683.565333333318
26	10
-12.366841833222797	15.0	88.81895986769422
157.17264714392422	90.99819106802121	680.8744094383117
341.9013333333333
26	11
0.009776831604402821	0.8903837570785613	-0.0031194743649352965
165.1565891403879	61.27709097133558	622.5322767015878
337.208
26	12
-3.038883647444573	-0.000384728602438681	24.461332177519445
164.8239982207636	61.56283429308047	632.9548078910128
262.776
26	13
0.162027428119715	-0.722168920231059	-0.4204158692738009
165.25823392509508	61.073915190884925	622.4257953327636
21328.983999999982
26	14
7.212683120587594	-0.47643429694900075	0.033386971462931
169.4620769492244	61.42653031471556	622.5483559444131
11756.151999999987
