28	0
-3.572411475251947	-8.896704787377924	-14.67532905910779	-10.254259703451494	0.25976048120930506	97.92383018418313
5.088368052741769	0	0	0	29.055446484014567	267.76102267445043
42704238.514993
28	1
-1.4822757963117486	-14.115021941061043	10.66251889841399	2.0543297192868146	-0.3546098958757299	122.69285438363042
3.0164918560179377	0	10.66251889841399	5.118936896948616	29.10175896862385	407.1704465352118
35586998.06555905
28	2
-3.176149876726234	-9.19060120047818	-13.894490436205045	18.351249894958208	-3.901931432337852	-48.61205468167328
10.673065335928252	0	0	18.351249894958208	26.681885356105788	305.83832344770013
37621470.42125733
28	3
-0.37436743943327183	0.8389741765688086	2.755558060450636	1.9318882863414206	-0.10825338976139652	-42.20534377429214
3.2120959466553987	3.775173283285869	2.755558060450636	5.858551717596967	29.03078248298613	301.8857710599846
25539408.299310904
28	4
-1.1845667351975846	-17.82114410615827	-19.71265476827776	-19.16523063522735	1.2196937119743696	-57.74902166701082
3.039730198465855	0	0	0	29.922201493453866	327.8890155577455
30531444.283308636
