11	0
123.40828173519682	0.994572162244899	12.907732867374463	37.5
408.4065606060649	11.53532941850076	204.84794906991868	121.97910593906371
25618.478000000003
11	1
-313.68097542413784	15.0	60.739161575334336	-0.08084674597005478
197.6566576168683	30.44843011179017	260.3444989468795	90.13860341925476
41062.87333333332
11	2
7.166466903964933	-0.9328150751057792	-17.124204446634483	-31.063939423211725
408.3932578371657	10.487093559313966	217.51892038423438	80.6344142730603
31144.933999999994
11	3
70.64461735399757	-10.452399279350592	11.634367660348996	-8.446009023949347
448.22607571970127	3.9495763584256114	223.7945515089252	86.98502549693825
30327.71933333334
11	4
-247.0956764377466	0.1108211758834718	-0.12434307294875978	-37.5
288.31024552538344	10.995418173747087	221.98433885343564	51.64793628605996
26043.065999999995
11	5
-45.14656099885987	1.0205244287036428	-150.0	1.404770432861009
374.9075911211545	11.775246518307057	12.456759012868702	89.93272011901566
14701.753333333332
11	6
-6.8577119732313765	6.983471878078166	-5.6472374242907	0.044586094169174764
406.5799173124095	15.484732170041932	222.08121781744902	90.15792109185115
17113.602000000003
11	7
1.1927450787882035	-5.597925514656924	68.56370963405722	0.11518276845627813
403.9418294788161	7.265346714870945	68.56370963405722	90.19198817893789
43498.17133333335
11	8
171.86656831908704	-3.2544578852096757	-21.965196406011895	37.5
479.77552197251254	11.12340402761015	211.57024189049199	123.72585957439935
22726.554666666663
11	9
-96.37204936002206	0.1763313655533199	-1.7953597554350706	2.7288674896237093
396.51872837459086	10.851991702688393	220.8373367599921	91.87051783729011
24379.940666666662
11	10
19.748120405037888	-0.0650858885274445	-0.43862615972426955	-0.09077747339399966
418.1529016791074	11.03151184461556	221.75510018885097	82.5694008118276
20859.59133333333
11	11
242.08011887286315	10.479728926341243	14.992455478340748	7.7308026265939525
554.6101504001404	16.373252115591427	231.54596498757982	39.11670255044008
28589.095999999994
11	12
1.4140186048662158	9.558491988717353	0.8327087577727846	-8.04449351839305
404.2555170748131	15.844880510785249	224.34051034195986	86.02525292422251
30770.480666666666
11	13
4.644659523920222	-0.08064185975430418	-12.438922293531704	-0.11946657374244096
404.58525683462045	11.129814614541331	201.62173058469253	90.30770770065881
33507.02600000001
11	14
2.3552175007487564	15.0	-150.0	-4.34412885665529
401.08741752579965	22.178600612698478	227.66266630787223	90.49486639506722
48482.342666666664
