19	0
-26.455126775692484	-1.2000614893278656	35.49209077012033
182.98760344967545	60.73240300418539	641.3877645110275
188.24800000000002
19	1
-1.5228450989401487	0.39678171874027246	30.41748339728774
164.36206257993624	61.82596160638621	642.9579320266519
132.67466666666667
19	2
-0.07894800653535983	0.037962247242131535	-10.16628539146063
166.0814274873621	61.55880729139027	616.0932977419299
362.55199999999996
19	3
-19.889642273105498	0.00011464577367815978	0.010928363736187264
153.9503618669309	61.56282848857024	622.5356849868601
14037.751999999971
19	4
-1.6379217336984884	-0.14957819667269223	117.69948201772588
164.14498910702198	61.524736673844345	628.9392385787868
33148.15466666664
19	5
-11.184613488862947	-0.05282976386054958	0.3896471553370736
159.22493283889585	61.57344309448518	622.7670263203647
132.67466666666667
19	6
-87.78159071484748	0.005191618985327588	0.251178561546601
129.99610099508993	61.56311769567587	622.4331568473117
145.744
19	7
-0.006856269252677557	3.806875826755477	150.0
165.1447769223188	63.657516771798434	948.8197007292279
132.67466666666667
19	8
0.02157990527505879	0.08183988345225592	-21.404571858984166
165.16765979437156	61.602386333823596	623.4322262125329
366.424
19	9
-0.15085049035489698	-0.0005779314712982637	-150.0
165.05127156325457	61.56125012417251	636.428977691235
9076.173333333334
19	10
8.850276720839055	-15.0	-38.204910407654936
171.49436946779673	55.501220662556236	603.8023387330452
341.9013333333333
19	11
0.10040589908399872	10.154738917310791	-0.19621852703014614
165.138493132938	68.72031567045276	622.5715739866283
337.208
19	12
-4.532043947314598	0.0025405381646835864	-94.39836836819632
163.21485169992502	61.56510604526113	576.4046789387287
262.776
19	13
-0.428926407134998	0.20648037987911194	-1.2501038683018066
164.9817891715578	59.38715271149915	622.1149450425959
18521.816
19	14
-21.062067443644253	0.666765756977354	2.888654513214247
165.363612079547	61.41245892609529	621.1237122228289
8948.984000000004
