24	0
-0.014768764738559714	0.14582430296610965	-0.4685017151828198	-0.03856387823096879	0.004361837860354011	0.04656579402022401
0.646890320172564	0.4609523677200629	0	0	0.13952766065518313	0.0561208276197388
3.6886516148539608
24	1
1.8470629162902288	0.013189054559897651	0.15030293692604754	-0.001341962807713834	-0.00951109404109779	0.0646296504488806
1.8470629162902288	0.4708495494136499	0.2633026266023115	0.003943764480397552	0.1306877680931486	0.0646296504488806
28.265430721020163
24	2
0.017492022972292603	-0.010310565545257833	0.0187348021563245	0.019323243250314807	-0.04736957196180456	0.00973164411538493
0.6578853304803295	0.46271923930199854	0.18999416384020762	0.019323243250314807	0.10822553471608265	0.03651465705003871
3.8261036439636817
24	3
-0.0037018882348582066	-0.5660494109315634	-0.006807772470904501	-0.006613071922909379	0.04719375401135478	0.04867972351701501
0.6530504633076706	0.1342607160445385	0.17533295961576156	0.0026832889746523283	0.16271995450425564	0.04867972351701501
2.8401471429966043
24	4
-0.04103328414425135	1.335678184538931	0.14039541268868366	0.01185400867764201	-0.04291842576684809	0.02748378710589456
0.6206835548982863	1.335678184538931	0.25336711756704566	0.01242321494721069	0.12434897717372831	0.032126845145802
7.748977904883732
24	5
0.29693094269306103	-0.010976292953091757	0.07174131796818976	-0.0008771186066648388	-0.35003963223952933	0.08197107450102681
0.8769513386315673	0.4543062578499231	0.1932382313740439	0.006131186893957778	0.0521182805095603	0.08197107450102681
3.84045922551775
24	6
0.24669918780342942	0.795272544084096	-0.06673162943824912	0.009881544764044601	-0.0183045908842768	0.062218214211024886
0.7496172887773771	0.9070574790659534	0.13302766188853207	0.009881544764044601	0.12336801216075266	0.062218214211024886
3.9127290201123746
24	7
0.08695116424395166	-0.02471050234824554	0.0011407602409489147	-0.02201343782922447	0.0038948527381387848	0.028296194482220573
0.715980662465654	0.4465390662615416	0.20259521848665682	0	0.1428219372484699	0.04388814806134889
3.2583361387244762
24	8
-0.78144480916341	0.4653249107716703	0.03783426314350739	-0.00888099505662258	-0.01095900895444112	-0.09800285436339326
0.15804787584686342	0.6916582975531047	0.18306406445925927	0.0035062009172056076	0.13951363728905664	0
13.309581941414093
24	9
-0.020858343542927763	0.05438731474724175	0.13980607325716332	-0.02128151565079131	-0.16961755406748721	0.06223052337135436
0.6089752135920573	0.4711668294405475	0.27377112447742913	0	0.02146345429179583	0.06223052337135436
4.652173256304912
24	10
1.014588545213208	0.5912986706697939	-0.0486099289482034	0.007565251182169934	-0.0029763649232069722	-0.044722162458443585
1.4079086445145028	0.5912986706697939	0.27482314981669154	0.007565251182169934	0.13583903114803544	0.003044870443797816
11.196179213715073
24	11
0.5376504633623661	0.42725687502393717	-0.0330908126536137	0.02359586164561929	-0.9796548809677227	0.12183928191063184
0.9226325092936427	0.7426981172621512	0.16245279232073445	0.02359586164561929	0	0.12183928191063184
5.304666028252168
24	12
0.021962367472617685	-0.026951292668374136	-0.015399981737914608	0.0027251137220148016	0.013788177649631668	0.009036495558666657
0.6679637164218242	0.45894897121909073	0.17699214207436065	0.005999858528308937	0.14612837649564364	0.03478109450075423
3.160122372499478
24	13
0.46701787447043	-0.01667687193707944	0.005169115675246079	0.0012388221353468094	-0.003760915432102451	-0.019791628602188163
0.8964060053267549	0.4723265375762584	0.18120846051939402	0.005051282124120236	0.13670265667458928	0.0124911783337328
3.6868105117240733
24	14
0.03564360926987001	-0.02108909810936841	0.0028001396943069367	-0.01677098815514299	0.013274612958353447	-0.09757821991151655
0.6462896823637574	0.46669255529668496	0.18445034688674675	0	0.13872704047829176	0
4.5634758666457245
24	15
-1.4062542369326816	0.18219395274536312	-0.018861340887441628	0.006439726970341965	-0.21646719052952829	-0.055238959900368555
0	0.18219395274536312	0.21786770945451064	0.00927917886197389	0	0
24.12424866704421
24	16
-0.23723201279787576	-0.21153912760697172	-0.04263017922727011	-0.02162914593003677	0.010561769741171532	-0.11039102959796596
0.6831459375771312	0.33367163333575645	0.1537550338091605	0	0.14503061588094168	0
2.74227067907671
24	17
-0.4977154954526606	0.0019534889989353465	-0.026228128453717768	-0.003912183662113534	-0.09702758085475802	0.0660014153535465
0.35876920699236803	0.45989822868233604	0.16377248521033116	0.009148260788619111	0.29414975069085003	0.0660014153535465
2.9941892912817587
24	18
-0.14375000392780174	-0.028859989226243953	0.10044401440070362	0.0014606206988435203	-0.24540434450065698	-0.001786216207479068
0.5462306757018192	0.4502732227610163	0.13617579997979345	0.005105303241398158	0	0.02204128779047862
5.952032422905822
24	19
0.1953173911192904	0.13581285964868237	-0.0250738397080241	-0.003645096584693374	0.03115870493410263	-0.0036238671719682415
0.6679983005490349	0.16583709485411166	0.16405599309389216	0.002210387102186972	0.15546145492914418	0.031381905570833625
7.165641434502655
24	20
-0.05558590121378053	-0.20790060766470933	0.41857692176943223	0.0012281904800090812	0.0033837457114909543	0.0015692735879513885
0.6358049879620705	0.3270479105065507	0.4745194162114359	0.005099983975952056	0.1375605123548918	0.024601630194405748
2.733829652336674
24	21
0.003088596955122666	0.005381695583138816	0.5557977675064281	0.00793121929164414	0.015553908573090965	0.008622485588002849
0.6481983060942831	0.4411675054570832	0.5557977675064281	0.00793121929164414	0.1436442340443978	0.020465516778076447
3.9375745538635116
24	22
-0.3165851844323889	-0.3648858310038633	-0.02168964580930217	-0.011891144917892844	0.3519011113871046	-0.004824720722427716
0.4593760965400614	0.6159636887126816	0.17273487451892866	0	0.3519011113871046	0.020503994998281126
4.727669501268038
24	23
0.46687625853098913	0.006720050035458936	0.16681276448877075	0.00014541287143364254	-0.00373438920910999	0.09491853161903667
0.5997824353333217	0.45204021056032373	0.1810107124344288	0.004471580957472637	0.13410939530591598	0.09491853161903667
5.841394688700262
24	24
-3.4784928144702616	0.16235601593548518	0.0067344388825479	0.0017293144633692764	0.23297707785901178	-0.06194835811991671
0	0.5333719301434408	0.23634344662524878	0.004405120452786809	0.2773624430431496	0
11.143146389384635
