17	0
-3.9126783412246424	15.0	-14.148208494020468	-12.404505311360705
402.5335337030022	27.873066275698243	212.7621463432091	82.36440232683505
32224.733333333334
17	1
-232.8381937950576	-0.05689788828102155	-5.767308344621058	0.07621525864599685
317.59761213324873	10.562565523048066	217.71667060904826	90.1721399380411
55750.990666666665
17	2
-0.60062933457275	0.029182105943230764	6.027490307822633	-0.5512639293085434
406.07908763495334	11.086185778708431	225.97126074093703	90.07680546383371
35830.318
17	3
-12.575463251477856	4.987990916381137	0.017629955761587844	3.5678937988351906
394.08884521341025	4.987990916381137	221.79208465007744	90.91092377157453
37351.97133333335
17	4
-450.0	0.0013515225754124939	0.7326335020046992	3.608761864227744
0	11.104302624916432	220.5950189756317	86.79677794442435
35045.25400000001
17	5
-140.54012232246583	1.3884930897556313	-150.0	0.0660056940379179
325.83217893980077	11.967842151368302	115.92755049327849	90.14187908578349
26918.263333333343
17	6
-0.037366279108410574	-0.1068445842210062	-1.04398449204514	0.00332637736791182
403.6008121119472	10.903427460731985	221.1117057811219	90.13244703965258
21298.832000000002
17	7
0.019791434495371556	0.8579440191073333	-92.09525996163207	-0.05022499075903547
403.6186549982819	11.641190526618185	411.8236741598162	90.14018054502144
52919.29933333335
17	8
294.40732654836074	-3.7111426875023947	1.9279406988695664	5.004240550632348
486.71061047595225	8.591524278806101	222.55530143677953	94.38115344195256
33409.77133333332
17	9
-11.713432955743444	1.1546073452147185	-5.572164384101806	-0.08106307519635639
401.39833633154	10.93283939434377	217.8368140496729	90.09802633173658
31163.259333333324
17	10
-10.7791489363665	-0.128544187924512	-0.08774640626649834	-0.5316804874483286
396.53594632970805	11.170853087745153	221.82328491523538	90.12785007184358
22533.31533333332
17	11
254.53373564486756	-0.5798099459240182	1.464914666758481	-1.4729912074160891
423.1236113918842	10.718110180652616	222.08836742990184	89.18573846547625
38061.92933333335
17	12
0.24930558218016596	0.5474564081703124	3.313398138991602	-2.2315354792279414
403.6140103470853	11.431360837955411	224.00119494712877	88.91864975330856
36648.444666666684
17	13
7.678978655839141	-0.018769342443563652	10.477987284045952	0.0045968771859825
404.2372535829746	11.092674079134978	228.19866965813523	90.14349756207213
42977.74733333333
17	14
-1.8420666771804712	15.0	-71.92452002859982	-0.5837096158631887
402.68267611118	15.122094791818522	204.7983524789555	90.07170584831417
58458.296
