12	0
0.0	-1.1039689529427972	-7.817256755808659	-3.014346159729566	8.733759470624854	0.0
0.0	64.46877978712202	148.72491671281676	7.522318069361136	140.47558159204843	0.0
2279.0031607219353
12	1
0.0	-0.10010823629258114	27.53789250442972	-0.8397603863871754	40.53771479816318	0.0
0.0	74.15624352230398	168.1235260791271	8.57735701480395	157.6426377356869	0.0
6546.891219956879
12	2
0.0	9.384980835133883	2.289127688905039	0.36936864281212844	6.746390323543215	0.0
0.0	65.83041751509457	152.90212243817888	9.337106606828794	138.02834409044462	0.0
1956.94903058931
12	3
0.0	-0.8173685905721169	8.195384458558207	0.45190374752950285	1.3450879885394924	0.0
0.0	64.66743169174119	152.60855278742687	9.359885978288796	137.3441867137156	0.0
2487.0431829449913
12	4
0.0	-19.947835960376615	-2.2554768983384488	0.10358717076099347	18.494422674079562	0.0
0.0	63.76333237345673	151.29970102574785	9.149816303426551	148.85131486161038	0.0
888.3273882493554
12	5
0.0	-1.1135745964430968	0.8311992314741787	-12.153032260502904	240.489222763366	0.0
0.0	64.50265540220907	151.38416153227797	5	296.93465944332667	0.0
3964.260449184942
12	6
0.0	-1.651260649299203	-0.14191329943382872	0.797664392073225	40.60406326767478	0.0
0.0	64.53011943703005	151.23581166261334	9.621073869410553	161.56841889641314	0.0
2184.163032939971
12	7
0.0	4.482097565168963	40.13300973121089	-0.3905562612583569	14.358324024074363	0.0
0.0	67.82135612809422	180.7757562883677	8.280784431608087	136.6594549809431	0.0
3353.3296114307013
12	8
0.0	-0.2964643693863358	0.6842369881321074	0.5277840895344076	-20.435455936429555	0.0
0.0	62.77028209367983	151.72303142583647	9.401423621870284	125.62839185111358	0.0
1382.4124572221758
12	9
0.0	-11.58668631961545	216.64649554634337	1.987445657491951	46.57430578323624	0.0
0.0	58.28462469365719	273.09193222630404	9.520949867621734	163.47304409329246	0.0
3406.7240436183765
