22	0
-2.7806440634742033	-0.0011200370633617225	74.62103643176528	1.5836911173075316	-0.5196564416353827	-7.269082634196904
12.0482019388715	10	2105.16877889306	47.67992265031603	74.77695273039836	202.05424507978708
3585.883926704091
22	1
-0.0021443848083182396	-0.0013337960717944178	-0.35441066157019563	2.122785287933318	-1.5602420908397003	-0.04729710102003248
13.845775125543584	10	2081.8087067095958	46.411914028532344	74.6377413053939	206.03132808360192
3482.06188661352
22	2
-0.6541415633326204	-0.0014347771587987725	0.222001457637246	0.2061278358673031	-14.25	0.005355247881747421
13.3722145756551	10	2082.6056092414333	46.48168276070263	43.389182078884375	206.06521548646103
3704.235567424734
22	3
0.06393920979173032	-0.0007269750560044117	-447.0	0.27177457790761483	-0.37813120738869843	0.2230984880983703
13.868317027144107	10	1784.977086297807	46.860621163856806	75.37458537469224	206.1088724605084
3375.2006603057052
22	4
0.10005994649581613	-0.0008332188235855681	447.0	0.1892229679575889	-3.795822644969167	-5.850337257193386
13.906693574020526	10	2294.366369415569	46.695826349695714	73.7080415279829	207.57941872508803
3491.7959788567514
22	5
-0.148702131380575	-0.00012493688905473757	447.0	-12.0	14.25	0.06701065944790681
13.749269006457416	10	2684.919679124838	39.83587078364863	96.41605935463024	206.0924359305853
3313.060249562327
22	6
-0.009560972272038611	-0.0010251122550909773	-365.2245065521049	-0.06962902496323434	-0.3720471224165581	-1.9248429612813718
13.843420391244365	10	1843.6428441103178	46.59720063111819	74.7675569883205	204.87648077671088
3629.9429190319343
22	7
-0.1906114855164736	-0.0006885507149328421	0.02915497177371176	0.2176097375185938	0.09705874554697758	-0.07974508976322714
13.93775562001057	10	2082.5250507753326	46.86956633491201	74.9054237773819	206.01974336590237
3409.8649468205954
22	8
0.012708452147503472	0.005986184125798396	40.20426312958068	0.0006847890919819327	0.04336102298042457	-0.62345904227011
13.858460256512702	10.005986184125799	2097.136130700448	46.71338389945012	75.01832259523587	205.6877320001498
3257.6996768868066
22	9
-0.004720536298515916	-0.00024127037888784365	-6.600761312626707	0.09007549424793894	-0.7200137234751058	-0.038679653879752876
13.843822432673022	10	2083.529728437604	46.76813612780015	83.98191304230188	205.97066769611595
3531.2683250698974
22	10
3.790799021274628	5.0586352435168567e-05	-1.0047890446441863	-0.0780557580757599	-4.531625175197325	0.04916617529230318
16.361947488382455	10.000050586352435	2081.856729939512	46.681739536839096	81.16692133425728	206.00274993545958
3419.1209904720736
22	11
0.9666212695079476	3.802613171440158e-05	-76.26482030787828	0.5247344211877328	-0.0659739896387267	-1.1821290811966572
14.49834314293302	10.000038026131714	2034.5457495519922	46.9248570378535	74.93238457370217	205.29385355943222
3448.225229584805
22	12
-0.014579364551590514	0.0005420914629957264	-447.0	-0.4316481307078438	-0.07947076934619265	0.0015683604485926348
13.848177787848845	10.000542091462997	1753.7876413315237	46.76342385010573	74.92845986242753	206.06321762891625
3389.4609849293247
22	13
-0.037793719070377374	0.0009847412326444082	2.1750561870993983	-0.003616077424221746	0.03097580177009888	-0.20934274955581986
13.82288142361309	10.000984741232644	2084.0618781874205	46.71478887689892	75.00219544064885	205.9225512976247
3488.370564011225
22	14
-0.06452082139618776	-0.0016998154263122298	0.9149954150759039	-1.1181659518716152	0.06785585379714913	1.0509974151973065
13.912683132475996	10	2083.0340278515864	45.99781677620003	75.03430353169666	205.1522405111379
3643.2372475997663
22	15
-0.0036930022435231486	-0.0017562774529125873	-14.461051195360357	0.016070900057904035	3.5133965330629557	-0.03637676085658851
13.846725518285247	10	2071.785286578617	46.70128192111817	75.74052232510009	206.14165669161576
3526.468297483829
22	16
0.019402485857465825	0.0005412030298278398	0.167816028777855	-0.4547743172820199	-14.25	0.004813158288952426
13.85638400072521	10.000541203029828	2082.648318383079	46.430093099036235	52.06103102124238	206.06557296864395
3477.1355789632034
22	17
-0.007767759829377216	-0.00013615223284619096	447.0	-0.010723898959529935	1.688385460679943	0.0067053904706607485
13.841211178089097	10	2504.5801022292367	46.70639018463354	75.84818379547998	206.06425811577822
3595.383684081601
22	18
7.073753475255166e-05	-5.5040160930210586e-05	5.325693294112553	0.017168383296432593	0.10176252979768427	0.0012339319946780023
13.846895737992845	10	2086.3001651896175	46.72400621410704	74.95602214312758	206.06260165610766
3187.208898221246
22	19
0.0012120778691553065	-0.0004136683305256848	6.8615455918837895	0.5235074666852444	0.01982305518746581	-0.4541514615537079
13.847233457742874	10	2079.7282194221953	47.03533577237502	74.9896271841175	205.84154960567597
3578.1031873681845
