6	0
-1196.7850634735125	112.60279697686724	-448.8740488166649	82.35646641708635	-1.0275127913658162	-193.3593048640185
0.0	159.28754187708918	214.04003743055205	156.38778710393234	0.0	0.0
318246112905.0
6	1
-24.534770255355305	100.06026168781997	67.93150520439336	-124.19561716723709	-193.5190968438318	-52.506968029146655
144.0223769765006	100.06026168781997	67.93150520439336	177.96945481389096	0	0
374572747417.15314
6	2
-49.568087536647575	36.545169991346874	-127.74860275938893	-152.73235979587852	-281.2643701919994	-14.586528246082853
133.09748734272284	36.545169991346874	0	30.478596722558677	0	51.06321096628962
70361073146.65294
6	3
-66.89177022513091	15.291396719091217	-121.68751742197337	-3.2164629354195085	-59.97393021459996	-158.27599282372444
158.32006824345353	43.83093068258933	0	85.0849555516431	0	0
227121454011.8823
6	4
-2.168845323486932	-25.104694419058237	-94.01991065198871	-364.7853300892065	-139.00886894506263	-18.223026391205213
157.84837150565303	56.174659102157335	0	0	0	35.53260651367157
66935474881.450294
