1	0
450.0	-15.0	43.56800576931995	37.5
1073.862697514803	0	43.56800576931995	150.07786439509005
82.42999999999999
1	1
450.0	-15.0	45.08563737649436	-19.632395877061022
765.6582647614832	0	45.08563737649436	88.52943907626076
7288.506666666667
1	2
-424.99371455772865	2.748	130.29164730546407	37.5
775.9514769736825	2.748	130.29164730546407	80.65396551338988
2147.52
1	3
-386.391527318004	2.748	-150.0	37.5
1768.005904052989	2.748	0	250
5998.508000000001
1	4
-450.0	-15.0	58.46457047998117	-37.5
419.8768974073414	0	139.98477759856095	0
2533.9593333333337
1	5
367.97553067756235	-15.0	114.47456077435338	-37.5
1006.9752640471077	0	114.47456077435338	0
2210.104
1	6
179.71606038077383	-15.0	150.0	-37.5
179.71606038077383	4.8867832015944295	150.34614530734402	65.9793708961813
6417.495999999999
1	7
28.821859088496026	2.748	120.17194258710822	-37.5
787.2558334325864	2.748	145.1393350722518	0
6560.749333333334
1	8
-450.0	2.748	-150.0	-9.379220086364015
1170.6248505733874	2.748	99.95872513912377	107.00053503415042
6739.546666666667
1	9
450.0	2.748	40.053771660646944	-23.09685350300563
1077.6482544234946	2.748	73.62801296030791	90.41590944162343
6205.612666666667
1	10
450.0	2.748	150.0	37.5
1690.5657003513436	2.748	200.02682123272285	166.34375862687796
7507.458666666667
1	11
450.0	2.748	148.79293290754495	-5.63869173808386
1454.7359296015889	2.748	148.79293290754495	93.20497583559076
7745.952
1	12
450.0	2.748	17.458134965406853	6.438975342941449
1048.7249456158447	2.748	96.1935107965462	194.3584890508728
11100.948
1	13
411.0378798839084	2.748	150.0	37.5
865.805711491199	2.748	311.5113739944533	154.90184250662088
1927.5973333333334
1	14
-450.0	2.748	-3.4448712632212093	-37.5
484.23252614467515	2.748	113.63501282679584	48.37638370953438
1293.8186666666668
