11	0
-4.482669461840195	3.517062106276537	-362.47052290860813	0.29687029167448503	0.005932190164240904	-1.0414082311165673
145.5173305381598	21.048337998900926	453.7486279143342	70.96455741093561	80.69454869704846	244.0303580330462
1207.291074567215
11	1
-1.2434117440503167	-14.473928155225718	-447.0	-0.8979627950004885	-4.33977060213549	0.7579081489111408
148.05933869468728	14.399748462249665	63.456110246221556	74.20104030146925	78.21449998026048	244.04774641361334
1291.3036818981798
11	2
0.5604853316040872	-9.985971711767316	-47.32426156085937	-5.397170966030993	-1.9280850980074904	7.5
148.1204438896089	16.1562509374997	395.9007925454304	70.97638425538706	79.90458087090437	248.91258238547155
1531.4941255440392
11	3
0.001487492355288403	-5.531307983846902	29.452177108963006	-0.4897452727055943	-0.3935575903162081	0.0008420792020323309
148.7947486507261	26.069963611503074	403.777247696439	71.15659254871821	80.88876645782383	243.75698478024822
1216.9493776571376
11	4
0.14650388833868133	2.1279486922601354	447.0	0.9437046531546424	3.532822740893109	0.3289535286721229
148.6681424150682	20.716652633926387	973.533704641491	70.72345795292976	83.43572278467278	243.22991156667936
1276.2403646864877
