17	0
0.8787540801264193	0.0031668774590198102	-57.20444148378511	-0.4848173225896148	1.1025061905447653	0.631438859427204
14.020834893962093	10.00316687745902	2045.869137963839	46.4385038074938	73.47993181496633	206.4137784540079
3654.4557820467244
17	1
0.02480907197580441	0.00679407323081143	374.19713602287345	-12.0	-6.340389331695885	0.014410238759804447
13.838537532004109	10.006794073230811	2142.4943074335583	39.60403274740622	79.0521712992433	206.0625668143458
3547.521825342288
17	2
0.4572291111009395	0.003652438590644288	-0.5499431618343993	0.5511444698060739	4.522494385287864	0.0009688870804498269
14.085434063660406	10.003652438590644	2082.1979525219067	47.135268689113346	63.93426326069705	206.06046134056328
3704.235567424734
17	3
0.07245374077921715	8.704538300551923e-06	182.9131239626901	-0.8564718633043447	14.25	-0.0537880372229106
13.800018079541754	10.014722649115669	2160.1058111398725	45.668320882809326	80.79171345354288	205.99174662324896
3375.2006603057052
17	4
0.2600508415959612	-0.00488317162429657	-447.0	0.2808179533195584	14.25	-2.615559929204778
13.992716488833619	10	1703.1683629783838	47.020296314297404	80.9987637368126	204.59205412437575
3491.7959788567514
17	5
0.2622005724448785	0.0004723297596787771	-444.78888340165804	-12.0	14.25	-0.053032183337461944
14.034676876547692	10.00047232975968	1770.7343767626026	38.621994286915644	100	206.02762696504047
3469.407446587505
17	6
0.002050712191397089	-0.0017247483824031087	107.34541701236081	0.21074264671115558	0.5139570147843678	0.11486574694283662
13.782717408912903	10.003098081112666	2139.5319947805974	46.856975554358584	75.27418570074778	206.14815586839086
3629.9429190319343
17	7
0.38857213496538684	0.0023458043458872433	16.067800088734145	-0.8306186919176877	-12.42884855326838	-1.3167283292722085
13.854341674074762	10.002345804345888	2093.051075580149	45.9891606859641	77.81661941667578	205.52797231095383
3704.829687459571
17	8
0.19890728567012578	-0.11043171135988807	-24.085503716685658	0.02132045010897387	-1.135348611631748	7.5
14.005675690914874	10	2077.7159707501964	46.7477201372904	74.30544210791602	210.54298671551612
3257.6996768868066
17	9
-0.013921562949693583	0.0024876848720954614	-70.35853232216431	-0.041463081418502655	14.25	0.5368336679973789
13.839725868869087	10.002487684872095	2050.408083006567	46.662300602817446	96.85070662510091	205.957483259864
3531.2683250698974
17	10
-0.640583509512052	-0.003355546513154636	-20.142050761701633	0.01837441624893925	14.25	-1.4956813280014347
13.401753931873609	10.000989016814467	2087.1988897536194	46.6947953106047	100	205.30121737884397
3461.995934613658
17	11
-10.349866174503218	-0.002163946242260335	447.0	-12.0	4.8068202568851675	0.3240313513249893
10	10	2460.745110647338	37.38066639214186	77.26429045370062	206.2274220303959
3448.225229584805
17	12
-0.4482723438829959	-0.02165886256629193	-447.0	-0.8546589456599749	-0.3267070763054359	-0.002219919496596067
13.558293494498141	10	1533.6114247408027	47.03438591031687	75.1678617553884	206.0617846063934
3389.4609849293247
17	13
0.13424278089234376	-0.001710231263076245	-1.2154253519844869	0.06860994035736218	-0.25556925934946517	-0.9512910711620338
13.90124342532896	10.006200447795411	2087.531914552934	46.76247290656176	75.08826152834187	206.2741435672579
3585.9809097019006
17	14
0.023535186782780555	0.003773568166487469	-3.919218158654565	12.0	4.290388938042796	-7.217360385404719
13.89100179845793	10.003773568166487	2080.27583885521	60.99189564419918	77.05756989833418	201.46755570121695
3643.2372475997663
17	15
-0.913516889768129	-0.0198503375254197	-117.08965836771061	-0.21359945617208875	5.562132477595118	0.7973661370938303
13.861832084232145	10.005898003158585	2160.6377574675894	46.635623111017715	47.01909933600104	206.54685923072955
3526.468297483829
17	16
0.005834866223507118	-0.026895920963630894	16.367687592717935	10.196222610982788	14.25	0.002963789640750451
13.850739344880392	10	2091.9021565817093	49.71974706047785	80.00918398675537	206.05880967146118
3477.1355789632034
17	17
0.0019763935404639604	0.0007225131336065669	-93.71686988313473	-0.1866205390957139	12.741307794367206	-0.09750617657200465
13.847994804727477	10.000722513133606	2020.861831375485	46.596989954465094	71.89932935610675	205.99835901241937
3595.383684081601
17	18
0.00021553527357402096	-0.0011709380389218862	3.980576491461094	-0.007391149842962065	-1.4942768870177305	-0.014428037748561533
13.846909342372976	10.00050900939177	2084.4174215211256	46.71041690543532	74.61192312443235	206.0752625070336
3187.208898221246
17	19
0.037438623447367037	-0.0038248476413915078	-221.58281154255207	-0.2054002210827673	-0.6038253520061014	1.4662422409373685
13.871139478745656	10.001044659844542	1939.0936391307978	46.58237362640319	74.94728294820753	207.0771522623408
3578.1031873681845
