0	0
21.0	-51.0	447.0	9.97904132601304	-14.25	7.5
150	121.72530242864576	1945.6147761586678	39.97904132601304	5	237.92372155628686
43743.69318640334
0	1
-4.216211572266435	-44.122917703695144	-296.0210367836562	-12.0	-14.25	-7.5
113.35357678294946	69.00340916314019	1144.237886590364	10	66.70119659312691	200
16436.867019601817
0	2
-21.0	-51.0	447.0	-12.0	-14.25	-7.5
72.58803950200911	10	1708.2701032257232	10	41.32237373732026	200
103650.76981418119
0	3
17.91063271756307	-23.619105882709974	447.0	-12.0	-14.25	7.5
89.46209920047063	280.5862695596477	2165.4329903448916	13.844856575562048	40.622716463188496	220.93226268137636
96263.97222120572
0	4
-3.2926123568980774	-51.0	42.117728242473845	-12.0	10.575496003373114	7.5
126.84780396701905	17.81507579776759	1031.2267292296963	65.8417213701667	33.726869696100216	238.63737165447617
12335.185651606862
0	5
18.093231954077044	-51.0	447.0	-12.0	-14.25	3.0136309191958204
94.28432833216313	10	2185.0099851900923	10	6.416355609037353	230.385676485617
110860.60321869719
0	6
-3.526661807516144	-42.526725229010026	-447.0	9.96423536171617	-14.25	-7.5
85.91636742994979	98.33966440169453	1273.2494563627993	43.19059555393681	7.9315937580477325	200
23373.027756764346
0	7
-21.0	-51.0	-447.0	-12.0	-14.25	6.493893387529175
10	10	810.095589116318	10	5	226.0586958992604
91846.13141059504
0	8
-21.0	29.211947372334183	-134.67009473863692	-12.0	-14.25	-7.5
71.56215316601794	236.3082510258402	1228.0079630222056	42.998153369945726	5	200
46215.09460431262
0	9
12.414269659730717	-51.0	447.0	-3.326928430177953	-14.25	-0.4799421246771072
48.869612969009154	10	2304.1313467700247	24.309914519248327	5	216.14686533630567
70572.24833771087
0	10
-21.0	-51.0	-447.0	-7.0375877185697515	-14.25	7.5
106.37491989357429	10	360.6681998220297	10	5	250
40917.599539921925
0	11
-21.0	-3.1531234819040233	447.0	8.421557700253707	-14.25	-7.5
54.93247636501839	69.73733659322501	947.7358964010226	35.26767849118542	5	222.89293925188034
9122.91730181749
0	12
21.0	-51.0	-447.0	12.0	-2.290840477721325	-7.5
150	16.275240106335048	987.773707014305	40.080580423041525	12.296677435230503	224.78637296857232
8673.116199994329
0	13
12.67173810961291	-51.0	447.0	-12.0	-14.25	7.5
113.5678226455708	10	2032.5198470154633	33.45405827320919	5	244.78948272334753
118278.33639747201
0	14
4.777662950050232	-51.0	447.0	-2.1594827009447455	-14.25	7.5
90.14457387869226	117.94098571369246	1777.5957471702861	36.41265190627629	5	250
37520.496332342926
0	15
21.0	-51.0	133.07056440539824	-2.622232042038833	-14.25	-7.5
86.67228987100236	263.9302602062306	1202.7027377216104	30.40800114647317	5	200
115203.19651365803
0	16
21.0	-16.16651806821966	253.79978926279648	6.34554000850849	-14.25	7.5
150	59.21872595497011	1270.3168274370512	35.49881682338517	42.84451555266095	234.66080111744284
9737.636960166736
0	17
0.6998825652459973	-7.874567660794101	-280.8288561707438	-12.0	0.19849095744949233	7.5
100.02926591131862	18.030525564517312	1066.320669191369	18.079486789272657	20.178715309069027	243.59412113659516
4594.881543299086
0	18
21.0	-51.0	-447.0	-12.0	1.8592328795658588	-7.5
147.96270409134615	10	20	10	24.71935581439452	200.14651033276374
84762.68037805938
0	19
21.0	35.24092729700221	-447.0	12.0	-14.25	-7.5
144.97527008101588	117.83931239899889	20	56.95905611285829	5	200
11154.898065858004
