28	0
-1.7195280346284783	-0.04061667474899338	-0.31375295029876615	0.41651491664255186	-0.011955627883269891	-0.07483332240717647
148.28047196537153	16.148578725862784	447.936102212138	70.48698544788171	80.22422749904125	244.45105202837811
1207.291074567215
28	1
-0.00019120142074535468	-0.09614202888434371	-99.51261049168372	-6.386668000531031	-0.001622617450417144	0.38314781183797514
149.36545472462862	16.017008550557346	400.22934573487976	66.04125961847352	80.22460550227227	244.606705538318
1180.5415774965318
28	2
0.729914003302175	-0.09102054365557424	142.5080614076617	-0.2350382417332068	-0.39925807651176076	-0.015735945567528407
149.84548080994136	16.076083496657905	548.7973314084292	70.2518649454787	79.97190134011142	244.43257709164357
1189.925205263952
28	3
0.01571262816861225	0.00039129839595201206	1.63575844463209	-0.05181058710570173	-0.007114557263113341	0.02891304477611148
149.37654045239225	16.126025068347243	446.5409455798068	70.32870024064313	80.22000598752463	244.46330485257695
1180.7291295341959
28	4
0.001645655599408085	11.946622183379725	123.10735530513433	1.3930828228481978e-05	-0.06337280714011681	0.10071333018145627
149.3534993819832	24.659581825354664	517.0426555513393	70.34886386533302	80.23510545254106	244.51110661443371
1276.2403646864877
