19	0
0.47690125073770157	10.663575047820991	-19.864989396647545	-8.372826003719382
403.7481034199629	18.500081455600935	209.22818200543725	85.822772065169
37280.43866666667
19	1
-111.36938657787218	-0.3881758822730598	6.222838220026973	0.003412937424941375
361.76867673315326	11.065236452143605	225.3754791427094	90.14297659842244
56923.61466666666
19	2
6.429312174878014	-0.02526776671257718	1.8834259951045018	-0.26063607392429494
407.23488398876526	11.084534867730522	220.46902656843153	90.00745038003002
37008.08533333333
19	3
-13.244344023103672	-1.7481447892542183	0.010192545682563899	6.081978483646166
403.32208716501907	9.869925616086991	221.7687870808324	94.09974225066021
38236.88600000002
19	4
-450.0	-0.00014393315652859998	-1.4609672612328206	0.45094144316426676
71.3351300291913	11.102715399457887	220.94492419056328	88.33583050845324
36575.57666666667
19	5
-4.403490430737941	0.9855975897044008	-150.0	0.05871609362280328
395.3697293359942	11.798385001117174	0	90.17839421534715
33124.91466666668
19	6
-0.03809816218454136	-0.5180874767919701	-0.36124811572745896	-0.020143391774578655
403.6006423775352	11.023136322239857	222.02574861682572	90.12748692045038
22130.349333333335
19	7
0.009998999630048007	0.4914109561080853	150.0	-0.015113459380557099
403.6165600864229	11.340227275724601	731.9499061297494	90.13360853790064
63228.72000000002
19	8
55.76546781792094	-11.697144439584406	1.1240625559985844	18.511217845420624
342.0882000394315	4.152869326975555	222.40885711121686	98.54898212573426
35262.31866666666
19	9
-16.76460147697454	0.15518696152427852	-6.561992000571022	-0.1276335097906984
392.0144614879513	11.104078568030387	224.7870784372323	90.0961652375668
32352.600666666658
19	10
-19.14920801338483	0.03959653147084543	-0.11741581954958512	-0.2339273933193771
391.48232245933974	11.091357168328084	221.72097530892475	90.00322940176162
23495.109333333323
19	11
112.26625898478407	-0.18867050135155533	1.8182154450798453	-0.20713669827521514
483.4771457412858	11.551987076031939	222.83955131586808	90.01534304470205
40768.35266666668
19	12
0.10409845260634566	-0.5291053480754248	15.603513153934381	-5.103886346651388
403.67300675874156	10.757716493387882	232.02862695709723	86.64644772240777
38888.83066666668
19	13
6.8698583075569	-0.00413833178090429	2.1330033007334435	0.007283803590411888
407.8527710372658	11.108553266465178	223.12001278011925	90.13971821104825
46766.802
19	14
0.6264357202084777	14.728449690008901	-16.46582868650773	-0.1526383163773132
403.8587092999263	21.683570091837996	230.10072110952734	90.11929695699229
61833.85133333333
