6	0
-252.22202755116027	-1.3684873795257464	-150.0	-37.5
633.8802782755189	11.287666114410765	134.46007773816405	67.94965490656095
15019.264000000003
6	1
450.0	-4.341632785092667	-116.54299586646135	-1.844923484071944
981.812562507457	7.87675366314112	165.73108306233354	89.1316288692907
30371.026666666665
6	2
-38.955838864387275	4.3061847716043635	-44.88556018915443	24.259972724977928
385.7788708589226	14.004149036709808	183.40260984694663	104.87839162076862
29113.84066666667
6	3
15.739222202110916	-6.240065280484457	-150.0	-17.164427994057615
377.29105297870024	8.145104634587181	130.8230237817273	122.00979346942349
22676.23666666667
6	4
-450.0	-3.780402376136291	6.830569171688719	23.350570494767016
0	9.85982621990133	224.44822975222118	103.65691968042384
21251.544
6	5
121.74664751365974	-0.8175318050466576	89.15229882814268	-3.74193825300584
317.18427132043826	10.673606390901629	282.1011605019421	88.39911416949981
12530.264666666668
6	6
79.35465615070272	-15.0	-6.32555305891828	-1.8482166944004654
444.02882769555026	0	216.39244535093857	89.09529183093977
10864.389333333334
6	7
90.25055258946452	1.1941321435994081	-102.27065667666808	-2.1088664139540567
446.29644337812846	10.261980189593642	360.9918589164083	90.26927502239884
26585.354000000003
6	8
-450.0	14.178074159885918	-5.1097678632975025	-9.843708136734874
0	19.731114679554832	225.39756139602036	83.04507104683985
13573.877333333334
6	9
-450.0	-3.619420147021684	23.263235902549855	-5.87157466084302
0	9.135074230367579	233.19838378600477	91.34659160557864
16995.211999999996
6	10
-118.34466579714555	-0.48623060445176514	9.85275899186695	24.47858766839184
316.55497988590446	12.914038641076077	218.0984924047801	47.12772669567457
14294.684
6	11
-297.65227442044284	15.0	-150.0	-1.721272020983915
363.97250629018845	20.658777540717676	0	86.84732385719555
10894.662
6	12
-16.558493481682387	9.711037358317938	-32.77118512087095	3.8781887166757674
390.90205453489773	17.74217325462019	199.457103441742	91.83786237876375
13403.081999999999
6	13
-65.3435693071202	0.28927867484087627	-132.9385212553692	2.837313901672231
366.3861105077026	11.029413703473239	180.44896730552972	88.38475922221204
22844.373333333337
6	14
16.168242244349226	15.0	150.0	13.297655381701407
408.3523765400655	26.330586325031998	270.94574805149375	13.297655381701407
33991.64599999999
