5	0
0.15	0.018029980695061003	-0.034642180555401844	0.00682779970236271	0.02119069402477664
0.7142767432754318	0.589724077106253	29.98207252639882	250	100
50.416
5	1
0.15	0.04067733341118001	1.8326905162864822	0.5478737109008263	-0.6386917980097849
0.4159044293491412	0.5200988485208005	31.11093455346697	250	99.36130820199021
100.416
5	2
-0.012783902151325547	-0.15	12.0	3.424966928131267	-0.20005714742012373
0.3948051466247849	0.3447106265999447	42.548108668411196	250	99.79994285257987
50.416
5	3
-0.15	0.059130479665704797	6.799633732412589	4.7725934167152095	0.012791310618657835
0.03376560652699434	0.44818859530299787	29.945032586204725	250	100
100.416
5	4
0.029576704762507615	9.958331428824721e-05	3.052559592429715	-0.44158550850753325	3.6314739890441032
0.41791081837561433	0.4983345775029528	23.92974941171645	249.55841449149247	100
50.416
5	5
0.15	-0.15	-1.11159156004887	-1.067430592049957	-0.08789739912015944
0.41438618841466945	0.29729538623976176	29.440693155078428	248.93256940795004	99.80867822797586
100.416
5	6
-0.15	0.0003225308625945153	0.03290528878178767	0.738091715371298	0.31593540517490304
0	0.5002503678688671	30.800207467670667	249.98480085416713	100
50.416
5	7
-0.005718502400070633	-0.008317067856298498	-1.130725269457423	2.9262976370820506	0.5042392531392883
0.39652539796683295	0.511511464591051	29.49267135447113	250	99.67822827873307
50.416
5	8
-0.15	-0.09379218031412805	-0.4630723535573208	0.9109632047612574	-0.21927718659084583
0	0.45097752003275393	29.753739547983272	250	99.78072281340916
68.248
5	9
-0.009816164759586257	0.10366352876450284	-12.0	-0.05719675327061252	-0.6443628159422093
0.3953602582054505	0.5434992628499027	24.307579868272164	249.78624834869285	99.35563718405778
50.416
5	10
-4.594194890242167e-05	-0.15	-2.8987844609444693	9.492451237121298	-0.05939293767572135
0.40017048475505534	0.07443787872480556	47.03273819806765	250	99.83586896283711
50.416
5	11
-0.004957354970223894	-0.15	-8.740606484945742	6.208547943429048	3.499120756275274
0.3899199168614691	0.22699753495519515	27.732525190493888	250	100
50.416
5	12
0.02165727983067352	0.15	0.30849528459493625	0.8432752319193535	-0.03874719274694076
0.24508888346953178	0.6129558226588099	30.07353319531081	248.1866975676273	99.83585718173053
50.416
5	13
-0.15	0.01041070733686707	0.05016871123979092	0.5023687858465042	-0.35956518029136286
0	0.5641951955309099	29.993580152491873	250	99.64043481970863
100.416
5	14
-0.15	-0.05746188206263831	-3.1981400146257544	-1.4796990502607488	-0.5356155985016392
0	0.47574490619075654	27.46309874219528	248.52030094973924	99.46438440149836
93.904
