5	0
-4.00291558206667	-7.651610292195888	-47.57513463676999	-3.209101004810299	-5.843669435381743	-7.5
11.793913255856397	10	2018.7274817409564	46.74052848259608	93.67956186163488	200
3654.4557820467244
5	1
0.7263564838984077	-3.0193775149205235	447.0	12.0	-9.276632957621779	0.17058526440657942
13.868749443898409	12.602989234121633	3000	90	90.72336704237821	205.33417518273944
3752.7522549497235
5	2
-1.502510132630686	0.9293626113903154	-447.0	6.190092786310574	3.4180545015004506	-4.6707779056341145
12.750680810198116	10.929362611390316	1006.5420755646471	50.570330413158835	71.32070463670999	206.01058948146525
3704.235567424734
5	3
0.8297520391642036	2.7178302559136784	-447.0	-9.60763287055579	2.9722713621314125	1.01284586257943
13.972144999164204	12.717830255913679	1818.1690357022767	66.79372677968337	79.99848364211577	206.62355479988398
3375.2006603057052
5	4
-3.2646653312504217	1.3631202876423245	-447.0	12.0	14.25	-7.5
13.357758269661089	11.363120287642325	1315.4832165487035	48.753284240029714	100	200
3648.4216156395532
5	5
1.7799458007355768	1.6827688118722544	447.0	-12.0	-14.25	2.067011758626983
14.836366861686928	11.682768811872254	2183.027299230762	26.132337133692722	55.16832136764017	205.93171246368624
3612.639712933885
5	6
0.9028978756573798	-3.8427401302512596	224.40477241374498	5.885455931585995	-14.25	1.9554398464954281
14.04529083565738	11.085211011949534	2159.813270420631	47.69674062262826	72.36733979951032	207.38966664826197
3636.220489568163
5	7
1.519363449826922	1.3236944695911304	-103.3005454246355	-12.0	-14.25	7.5
14.661756409826923	11.32369446959113	2030.6318723345753	71.56858986694436	53.97631289290779	211.33053904752367
3704.829687459571
5	8
1.4233005113500579	-2.636454075421553	2.674494478835575	5.9957814862357175	2.4255459263472465	1.5626965914868873
14.565693471350059	12.838854653875355	2049.2772198403322	50.24204779196566	84.54681820961729	206.5236791612086
3257.6996768868066
5	9
5.277431863724017	1.4205806911113206	-447.0	-2.2239538430622248	-14.25	-0.5625202802514291
15.277431863724017	11.42058069111132	1252.3882633859203	49.5761023195755	56.16260285526213	205.07876442289057
3775.6074305714073
5	10
2.217148135230542	1.790741595474314	447.0	12.0	14.25	-0.003492177676745367
15.359541095230544	11.790741595474314	2356.8588151188815	55.33117511608607	93.70449501747986	205.78126859813244
3996.33930304389
5	11
-8.668022574987589	-0.27432996194857384	-317.281445126558	12.0	14.25	-1.4535508471194742
10	10.300830848349765	1851.8076362450447	54.450978048375546	100	205.07827525015102
3740.7272020644104
5	12
-6.571430549012767	0.8186301592559616	447.0	12.0	-4.424249513106468	-0.9910846727977702
14.37181891766776	10.818630159255962	3000	62.96962205997964	82.25810447885102	205.32391040326607
3389.4609849293247
5	13
-4.643171500424068	0.5187531062142275	-447.0	-12.0	-14.25	-1.5831300397054058
11.408927777144417	10.518753106214227	2139.747068072253	26.87759168161606	62.140944272576995	205.2991735786167
3669.0120413529407
5	14
-14.418358930293639	-3.48334319903966	-111.97569000912634	-12.0	14.25	-7.5
10	10.030603430916706	2012.6471118281286	12.123103908252666	97.16064000657326	201.58568965824895
3762.6381026187723
5	15
0.8036778964665505	-12.195158019377825	-67.29006405526843	-12.0	-14.25	3.6303792002984863
13.946070856466552	10	2051.23507807028	10	60.07818046630834	207.7562830366018
3716.2187969817824
5	16
-8.15781201259177	-7.597063157858703	424.94405164880874	12.0	-14.25	7.411954978123346
15.051348645448776	10	2361.884608667553	56.81809862019948	62.11592838297076	210.90320012721372
3624.25536707943
5	17
1.4662677055008502	-1.618234742185438	-447.0	-12.0	-14.25	5.510039305008818
14.608660665500851	10	189.53377713983173	58.14257346643125	85.55071655576073	209.35727492644844
3664.8759986919445
5	18
0.5708545219337309	1.8162120625552793	-62.33460190008604	-1.2756304856620853	14.25	-7.5
13.713247481933731	11.81621206255528	2024.620069942077	45.13525701357954	100	200.04849704467745
3447.1396987047183
5	19
-10.798775834315652	-5.340275155217419	341.8925988238129	-12.0	14.25	3.1613611799576766
10	10	2244.5035878109143	38.88651980969961	100	207.44981012770256
4049.0466142268115
