11	0
0.05074477692567656	-0.002506506231641372	-4.400338353043337e-05	0.00018667686762212132	0.00024370260583067818
0.4218672384082046	0.49831308460650836	30.000067234571492	250	99.99936427746178
50.416
11	1
0.013503987766297049	0.004513862173373678	9.859301805256036	0.01716471535456734	0.02410765243856138
0.39604255134420263	0.47776182262170136	34.90860550628116	249.99358095461122	100
50.416
11	2
-0.0007672395024053413	0.006689878564128118	2.505464584488935	0.10968748389689163	-0.007038156107056014
0.39953543479595793	0.49423997802478326	31.62496868850284	249.9391577023204	99.99296184389294
50.416
11	3
0.030815751475436096	0.15	-0.4897740742046201	0.0009201360718058332	0.0001219576523016165
0.4251505328596855	0.6869861067155476	31.27720999565498	249.99688209899458	99.99996327563318
68.256
11	4
0.13092912376633326	-0.00503854992115783	-12.0	0.02474316725972313	0.18897934863049246
0.4895045070313454	0.4964330835805064	18.753421554723523	249.98736197083466	100
50.416
11	5
0.08957135142436358	0.09094626906055393	-0.008856793431339119	0.12287129828812081	-0.01353961412273896
0.37779690741842387	0.539484058224893	30.016697334925734	250	99.98646038587727
50.416
11	6
0.014142439606649381	-0.00012717371365297204	-3.0239240320005814	-0.018906007195429224	0.029821257739322492
0.42463043170510106	0.4999645823305268	29.322945516557592	249.98109399280457	100
50.416
11	7
-0.0032570013004498168	0.016264874048967808	1.4195867626000873	0.07769498657183861	-0.04393018214354064
0.39770069471755937	0.5105995901059706	30.29584192820499	249.99605675313572	99.95606981785646
50.416
11	8
-0.07062304661448526	-0.006033370900393088	-0.23972014790426857	-0.014975016806807255	0.0009599307182215082
0.3684961381480381	0.49746099693030327	30.16212237911807	249.9850249831932	99.99964003876455
50.416
11	9
0.0008190194393985519	-0.008708054913511573	-12.0	-0.0024825496764074796	0.06113309573612055
0.4001178442081866	0.4960698625028753	13.775429245074179	249.99751745032358	99.94543257592518
50.416
11	10
-0.0009414763401423504	0.0025436072857577714	12.0	0.20237216757181484	0.02351772569817707
0.39980256764712585	0.502040423153544	41.78034876855172	249.9435229994994	100
50.416
11	11
-0.15	-0.15	-0.6054059838045329	0.335936848302114	0.4440384240633537
0.22101045670853625	0.27938768138749676	29.59143215624919	250	100
50.416
11	12
-0.013758912227698395	0.013046682566534061	-0.0004910362117995607	0.08264016929588604	-0.004613704391102046
0.3916560591734408	0.4639924818862521	29.999474486439116	249.992640550196	99.9953862956089
50.416
11	13
-0.05604661587870861	-0.002668076114543304	0.01674555268294705	0.005842342447906709	0.023071029223487038
0.3790453518714092	0.4966781834109446	29.99325938432693	249.99676617318028	100
50.416
11	14
-0.02434244038684126	0.005841098492465776	-3.1049784894483228	-0.03272775889271693	-0.03404778684296849
0.4035690756872451	0.4964348026360798	29.380186694066964	249.96727224110728	99.96595221315704
93.904
