10	0
0.0	1.1800853482316338	-0.24687916570923502	-13.5	-3.985690295889083	0.0
10.0	102.79265260140627	119.71291432865371	75.45259233727349	1.3446684285827608	0.0
8.401104398273095
10	1
0.0	24.104660664733835	-4.653774948348951	-0.0038458292050786913	1.0303495160919867	0.0
10.0	118.18038846466831	117.13632891653126	67.66163350454097	1.0303495160919867	0.0
8.619738974346703
10	2
0.0	-0.7033592379145572	20.502930563501618	1.5854260326339298	-3.7369900897704875	0.0
10.0	101.79777753868461	127.57261988180808	64.03555463547913	0	0.0
9.09294307046655
10	3
0.0	-0.3107042813755998	-8.683281714980195	2.493525806639055	0.02425053789200171	0.0
10.0	102.14434083525447	113.84721335819552	68.65718756434619	0.06374706987556356	0.0
7.733253419548823
10	4
0.0	-33.53842325253212	-29.15862586045884	-0.1382225226041824	-9.336078936292857	0.0
10.0	94.07572779993448	111.94513769442585	67.56666558023869	0	0.0
8.23172686591151
10	5
0.0	-1.8444882018477822	23.373798748467006	-13.5	2.9688351927140455	0.0
10.0	102.50392026443171	132.90786606808248	20.08761953327324	2.9688351927140455	0.0
10.790256172940719
10	6
0.0	3.8166215917357826	0.9093501663304492	-0.18539807923231993	0.5728316388688329	0.0
10.0	104.87733047551215	120.23776567693868	66.8692517764316	0.5728316388688329	0.0
8.176496196947763
10	7
0.0	-0.5050154447440548	-73.07983629724055	-13.5	2.2925175042840147	0.0
10.0	102.0189903648476	94.07572779993448	20.349982188230697	2.2925175042840147	0.0
8.23172686591151
10	8
0.0	-10.742257977066155	0.22849333463243376	0.023612232809483505	-0.291996326673908	0.0
10.0	97.66543976083531	120.01678123023865	67.57219896042734	0.5804992300421334	0.0
8.02874860448145
10	9
0.0	0.43440962408772077	30.42458919503317	1.5316766411340852	-0.2368078395943437	0.0
10.0	101.86600596467187	128.72083185314355	68.44518698451729	0.22926411490954685	0.0
7.733253419548823
