4	0
-392.2684546326345	4.214467432503562	-81.73161036871228	-17.74700944717498
146.94029501092024	13.638767242082782	170.0480148918428	77.46445388089057
8351.415333333334
4	1
-450.0	-15.0	-150.0	5.100539369228188
856.3731844249609	1.0457629026356017	0	88.41802492246043
20333.28
4	2
-12.285152650687287	3.3609458357314925	-150.0	14.029243593342018
428.6072963801784	12.07655834512143	90.66230098145405	98.92006818449113
22711.909333333337
4	3
63.65816062131488	0.37881727291228107	99.28061343845737	13.558773059993491
427.03170399122496	9.457017246204009	99.28061343845737	48.505884679306924
20616.578
4	4
-450.0	10.038958722333115	55.21948041458538	28.470514445508343
120.35081590830328	15.538211615480781	191.35141195506864	83.65506130548798
17355.820000000003
4	5
450.0	-0.3842716865161209	103.07129460847759	-16.244007378540132
463.95200465396726	10.921561026335043	230.50730514107005	88.28300630908659
9978.353333333333
4	6
33.208716908739866	-15.0	-29.523346448024093	-14.425363910353646
422.8451126546732	0	196.90210211897883	91.20444178112265
2335.3153333333335
4	7
-140.5045974657155	11.122095183550613	29.75045693027719	-3.767504644243563
327.2659861019005	11.122095183550613	91.57119101189411	87.9517871798982
25232.977333333336
4	8
-450.0	5.380925942478825	-47.135290513372155	1.5348401623866232
106.15364766657035	14.140213072462043	245.4954387165221	86.15995879751831
10938.921333333334
4	9
-450.0	-2.391767954797006	-36.17463804950307	37.5
15.643034157228612	9.075058565280768	246.04424785440506	111.9930574086872
12296.698666666665
4	10
-450.0	-2.706058314464034	-32.149379052569785	37.5
0	14.264674074801174	202.17394989540549	118.26524996102067
11599.407333333334
4	11
-450.0	10.338568085598725	-150.0	37.5
0	13.51461977925293	0	52.31381598436667
8511.30666666667
4	12
-12.046556460382838	9.595962572277518	-29.53441514471476	9.268592566488994
375.4850774244212	15.882882660771722	219.0601458320231	90.55364209696224
12817.612666666666
4	13
7.898981735141348	-0.06097557082949945	150.0	-37.5
151.38581121236555	10.211932414462394	632.5549876303784	9.552594108865975
86.39333333333333
4	14
-53.653604937054126	-4.365473386056879	-150.0	37.5
439.1668163709092	18.69431385792017	0	226.39506799730597
25050.413999999993
