27	0
0.9682642621722609	0.09034711973157622	0.2687651965652522	-0.4098736368996851	-0.005984423626600399	0.1270571221579823
150	16.189195400611776	448.24985516243675	70.07047053123915	80.23618312692452	244.5258853507853
1207.291074567215
27	1
-1.1650090073700816e-05	0.6462551444859738	76.27548386041012	3.6075691063983797	0.0029356451718837106	0.22851279416301307
149.36564592604935	16.11315057944169	499.74195622656345	72.42792761900455	80.22622811972269	244.22355772648004
1180.5415774965318
27	2
-0.5414341886940304	0.0861255329910705	-187.48878865146023	0.11608629473986425	0.1918674070127474	0.011462329426533701
149.11556680663918	16.16710404031348	406.2892700007675	70.48690318721191	80.37115941662317	244.4483130372111
1189.925205263952
27	3
-0.00414920008799526	0.00026153210920550063	-1.108878471341047	0.09074637591729962	0.006967668703136068	-0.048770501007100654
149.36082782422363	16.12563376995129	444.90518713517474	70.38051082774884	80.22712054478774	244.43439180780084
1180.7291295341959
27	4
0.042508232229546396	-6.733738424635452	-73.49040525994205	-5.2699039197465747e-05	-0.04748253878344169	-0.04891701409777187
149.35185372638378	12.71295964197494	393.9353002462049	70.34884993450478	80.29847825968118	244.41039328425225
1276.2403646864877
