16	0
-0.04342203423106458	-0.0005205369189060671	-1.7337423812419667e-07	1.824503754688873e-05	2.082916477122383e-07
0.4252006350495514	0.49968465503274817	30.00000030430617	250	99.99999161818573
50.416
16	1
-0.0024265201647530542	0.013556086593694689	0.3044784621088016	0.0017307360523317551	-0.0005736502752239788
0.3986612801930504	0.5106552043911933	30.050942944766003	250	99.99942634972477
50.416
16	2
6.226202999829434e-05	-0.000135037709307898	-0.06461369238432146	0.017329076429842234	0.004816390020189038
0.3999757143431672	0.4999634974266207	29.959890066653262	250	100
50.416
16	3
-0.004402562691757549	-0.015544285495355744	-5.9623039434820875	0.00015721125259390677	3.931630098123974e-06
0.40269074796161464	0.4945346331041985	28.63313671214244	249.99947914412917	100
50.416
16	4
0.009646938644705168	-0.0014666588949672921	2.5537556574627294	0.0003331225674238376	-0.0029482845689638953
0.40406819074542094	0.499025393347501	30.827635815492407	249.99920050831608	99.99705171543104
50.416
16	5
0.0037937771221609076	0.0016527426140341816	-0.16797575649705473	-0.0018443725792220778	0.0038788119133193327
0.40133214790644417	0.5012448941346128	29.91913147036562	249.99815562742077	99.99942437580523
50.416
16	6
-0.15	-1.2108366905908265e-06	0.0269043243825276	0.002438802106462326	-0.0003273171327866144
0.22883361463362362	0.4999997974444389	30.632601498573553	249.99997098208627	99.99967268286721
50.416
16	7
0.004041747783517863	-0.006562640386400583	-0.2223826826525413	0.0025274448754211507	0.009811641369731392
0.401554090507808	0.4999681817331068	29.900626371289604	250	100
50.416
16	8
0.04680325156601413	-0.00012729428563460147	0.46345669363131087	-0.0015813116933464585	2.46566667232792e-05
0.34341296688995	0.4992683636584785	30.25920366318189	249.99841868830666	99.99999519186316
50.416
16	9
0.00024035006494801795	-0.0019982309795767753	0.07886391664326507	0.0004110750681760955	-0.0023106036135465357
0.40011384416550705	0.49988397567429127	30.047239575433526	250	99.99768939638645
50.416
16	10
0.00015632912129772455	-0.0006831680274537429	-1.9142804795885549	0.02004049044887185	0.0008544954788504631
0.4002004669921817	0.500766792019024	30.94666685148799	250	100
50.416
16	11
-0.14538538002695217	-0.1463629197634608	0.07252523934901936	-0.0025094737267359855	-0.004775952601960805
0.30780795492964264	0.41829495590175214	30.004522798455557	249.9957205624478	99.99522404739804
50.416
16	12
0.0008406301727555388	-0.15	0.0021005635506712345	-0.0008851085479980499	0.0008952561993785994
0.399256161070724	0.5303735301384624	30.0010361324953	249.999114891452	100
50.416
16	13
-0.004067279921399515	-0.0034316911745001268	0.004350788602113171	-0.00013281299571197175	-0.0010558637118144292
0.39765018427548454	0.49891300816647854	30.00269750319233	249.9998671870043	99.99894413628819
50.416
16	14
0.010731313313381112	0.0015441353589219857	-0.14851807372034126	0.007475651113392093	0.007211669891465633
0.40649568225549304	0.5010049128519517	29.9301894564201	250	99.99948689995057
50.416
