26	0
-0.03915332406428606	0.06065483166203831	-0.7808755608493807	0.007773338123459993	0.11757290819415564	-0.0023014671488776985
0.6417598155005056	0.4972842792026514	0	0.01731972954688088	0.16685339146898714	0.03695667548337825
3.6886516148539608
26	1
1.2813189513011158	0.0008027726013556877	0.09515457838360833	-0.05279659360156856	0.056853454150357495	0.0841518270779205
1.2813189513011158	0.4640875546221716	0.2606386043876687	0	0.13904558270213746	0.0841518270779205
27.374083756868785
26	2
0.003062062083112647	-0.004358431060933848	0.0006427580784014396	0.006239782511664088	-0.0227284196399904	0.0003488838933781257
0.6577428539549182	0.4602497038489559	0.1872047061635704	0.022023007598521223	0.09417522065949485	0.035080703741478314
1.9859089916151667
26	3
-0.006554280877365666	-0.8370546932169192	0.013187482989547743	-0.01993707905535754	-0.018125088863078575	0.02498906065031115
0.6555721580747759	0.023492511288697338	0.19239970802234463	0.005690543583166702	0.09999391014667179	0.047782163129758054
2.8401471429966043
26	4
-0.12616075958880574	1.7641501587326456	0.06592920601477502	0.01656052503845992	0.006994329057038298	-0.003403359914516026
0.6194226622645616	1.7641501587326456	0.23744319765102206	0.029650591722455676	0.10358331001320817	0.034037461207974004
7.748977904883732
26	5
0.15916171741055923	-0.009958813018928375	0.023307098264990552	-0.012064024008487814	-0.2169595189284824	0.017299848704238306
0.5977557149706548	0.4564177998815733	0.20191791859742228	0.013434590174773102	0.04225108681544251	0.05099107726048121
3.84045922551775
26	6
0.14589396565192497	0.9016815048511444	-0.05180961645888212	0.0007168372337416696	0.03514251794645628	0.12177803396456222
0.5819017153399257	0.9016815048511444	0.15986619849922148	0.009636922101027566	0.1299212718832171	0.12177803396456222
3.9127290201123746
26	7
0.11612194533575881	-0.01579287458186169	0.03415127728102998	-0.05630574956782975	-0.017278047366703953	0.011940236597099821
0.7154044652420579	0.4600914287579489	0.21033149736799642	0	0.10198716974321853	0.04059678207775913
3.104793849036538
26	8
0.21822846469929102	0.22226475144599175	0.004192457624740571	-0.019539061306020927	-0.021906914247744096	-0.1335753445158565
0.6176346234077448	0.22226475144599175	0.19106013703895325	0.005051083755453059	0.10879657219665448	0
10.351807185765804
26	9
-0.013651331930051528	0.0647230586819495	0.11841207454482051	0.01833385781480732	0.01781831623036604	0.04595844892953452
0.646337328786898	0.5064927972937228	0.1672077762627221	0.030895251227724685	0.09107110330471335	0.04595844892953452
3.02847427185312
26	10
-0.6464959742320491	0.8245120506955065	-0.23370166322495764	-0.017968779400066175	0.07545274147086437	0.038619008524469124
0.37221987173618043	1.033365718052139	0.03550157815139668	0.01699680313662171	0.15927207479176086	0.05708340471146054
11.196179213715073
26	11
0.5518324128670199	0.9196193013013139	0.01917046734064996	0.0089080041280221	-0.48070649089152556	-0.13802681329603275
0.91353957071954	1.0355472447665626	0.19777936868893536	0.02252909028881778	0	0
5.304666028252168
26	12
0.015774182668221826	-0.0014352828437908353	-0.011053299983456687	-0.08610181659333206	-0.09344959344100304	0.005717595746474906
0.6608366521390671	0.46249960283788133	0.18424044972434908	0	0.049716905880804046	0.03982100618126035
2.8974918446431053
26	13
0.7285852470675424	-0.012927529162650555	0.004072633843036073	-0.008358660879776682	-0.017128234346735265	0.00788018817803514
0.8168730104051694	0.45952572055156105	0.18966882743535948	0.0168426062792925	0.10962744912505318	0.03399465780157088
3.6868105117240733
26	14
-0.0068712863494399465	0.008326883027604872	-0.0019067097849881833	-0.04107557011419055	-0.04872623527751386	-0.03393580613406153
0.6620479621685218	0.46839650503454805	0.189811868025869	0.011496464067262811	0.08114820434965733	0.07305741125014939
3.054662376351857
26	15
-0.5656543761681022	-0.09202133925046689	0.03692991983679873	-0.014247474900205502	-0.04095630342941397	-0.15745742104739993
0.5835892694943491	0.5285059826914782	0.20936664607988548	0.023513764674336926	0.08653936399011411	0
11.87727039693756
26	16
-0.02018437620302921	0.00652745750808259	0.05469189904640475	0.032204366202170896	-0.00022333737347347404	-0.04898916872995114
0.7002892051133203	0.41882297108116673	0.22407272494023078	0.04041593631997938	0.11033969082833635	0.00718487014212163
2.74227067907671
26	17
-1.1955380828249118	0.0008943814482009406	-0.00010351917550287205	-0.006986000672676229	0.34534503717533005	0.03028503526380112
0	0.46319054781846136	0.18453134153791045	0.024563431076613195	0.34534503717533005	0.03028503526380112
2.9941892912817587
26	18
-0.42726328542371267	-0.014940266337746786	-0.14037406185283463	-0.002986091865109058	-0.2189632094979203	0.02692873479646749
0.4735020309250096	0.46352803390021863	0.09672388729600229	0.016473958558239805	0	0.04978149917375385
3.8469856880419973
26	19
0.1155349272803797	-0.0928208324723508	-0.007341948386902812	-0.05127903300415246	0.17260017941866895	-0.004777068628847008
0.7261704561999706	0.38224056451285776	0.19136854733643152	0	0.17260017941866895	0.034818004745417144
2.03497240350938
26	20
-0.08798114073723495	-0.12067639005925088	0.4390901578184425	-0.06277581974677672	0.082383875602448	-0.026372005020922375
0.6101657797037022	0.5674233752190065	0.4390901578184425	0	0.16708552010335573	0.026353766289824252
2.733829652336674
26	21
-0.01882268451910772	0.011237540566027843	0.5827492407681516	-0.04430004257992872	-0.020367013628726442	-0.05782090200627034
0.6584384222868487	0.45308938863729153	0.5827492407681516	0	0.09631732102552812	0
3.9375745538635116
26	22
-0.4007545498857267	0.08816462467256078	-0.006637639226375643	-0.08705556546087533	0.4142311921776969	-0.002688452700761973
0.5142936724905957	0.44013030778224627	0.18828103712298555	0	0.4142311921776969	0.032910752806282084
4.727669501268038
26	23
0.09390290479752862	-0.033815075373766566	0.038476050404179854	0.015733805500821058	0.0037976414226857467	0.10561135993210279
0.6511822888444226	0.44094070127958057	0.2075914095396627	0.02097838125992185	0.11440403919127033	0.10753596605204546
4.177601669013104
26	24
-3.0494607607416833	0.006807470687678052	0.177627211634844	-0.002913800960501366	-0.20682369583275234	-0.14585287847755324
0	0.4825294352118783	0.2744442582460439	0.017012618291335182	0	0
11.143146389384635
