1	0
0.0	7.9365924372019245	-367.1729608909035	-13.5	15.0	36.0
0.0	127.91293134559383	94.07570833333334	5	86.96190546212829	250
6614.822704763857
1	1
0.0	12.026407703486345	121.50444753222556	-13.5	6.202359194411105	36.0
0.0	172.79921375269655	215.58015586555888	5	56.44312506330938	250
2954.3583009174245
1	2
0.0	-112.89085	121.50444753222556	-13.5	15.0	36.0
0.0	94.07570833333334	215.58015586555888	5	39.38186191318227	250
6830.569616188523
1	3
0.0	20.681603720000002	121.50444753222556	2.4732	-2.748	-6.5952
0.0	114.75731205333334	215.58015586555888	7.4732	73.26213061133396	243.4048
1836.2170874851354
1	4
0.0	20.681603720000002	121.50444753222556	-13.5	-6.237900658000018	36.0
0.0	114.75731205333334	215.58015586555888	58.33805872824176	72.07931088287809	250
7629.042109258339
1	5
0.0	-112.89085	121.50444753222556	2.4732	15.0	-6.5952
0.0	94.07570833333334	215.58015586555888	7.4732	83.07872682236439	243.4048
4288.451496688111
1	6
0.0	1.0317366605641922	121.50444753222556	-13.5	15.0	36.0
0.0	195.78943725088754	215.58015586555888	5	85.2184408850816	250
3140.8022810987645
1	7
0.0	-112.89085	121.50444753222556	2.4732	15.0	36.0
0.0	94.07570833333334	215.58015586555888	7.4732	100	250
11331.684638949375
1	8
0.0	20.681603720000002	121.50444753222556	-13.5	15.0	36.0
0.0	114.75731205333334	215.58015586555888	25.27117009894859	100	250
11068.762296736197
1	9
0.0	-112.89085	-625.5460137955882	-13.5	15.0	-6.5952
0.0	94.07570833333334	94.07570833333334	5.468264066176074	98.94659318587986	243.4048
11537.344755737711
