9	0
0.0	4.6145214016777105	-668.8784246575341	-16.536307650223037	75.83396815361228	0.0
0.0	470.50124944567153	573.164579507436	74.63652747521162	5318.927831562907	0.0
10800.032000000001
9	1
0.0	32.52575185468159	61.422992603204904	0.28711424476476155	93.6008445255743	0.0
0.0	472.67673977939586	2224.296694457136	83.94995277708331	5463.153198561913	0.0
10800.032000000001
9	2
0.0	67.40931380084386	-259.30812780410173	1.0259187445600375	-144.59922684418987	0.0
0.0	496.531005746989	2012.0730093853545	87.21191024779503	5384.493257212856	0.0
10800.032000000001
9	3
0.0	203.20357204785844	50.259020479955794	-0.010096743453343725	5.672938055799099	0.0
0.0	541.3593678296926	2208.1689826485376	86.6672054164765	5429.74939594719	0.0
10800.032000000001
9	4
0.0	6.009277528752193	-215.5071189728139	-0.03485530034185996	-20.5628132638366	0.0
0.0	470.95955382474506	2035.3211767992605	86.54448532308149	5575.221417697567	0.0
10800.032000000001
