2	0
0.002969113891949854	-0.15	0.13398574550098113	-0.011132089121955275	-0.02283515170277804
0.5154055166591185	0.22330344920735318	30.089590200749115	249.98886791087804	99.97716484829722
50.416
2	1
-0.15	0.05547425937318863	-6.852567893685736	-3.1981190332041844	6.711671350159938
0	0.4878425678510998	30.0319195462733	245.6453227009666	100
100.416
2	2
0.019890793251747356	0.15	-12.0	1.6560960904095334	2.5291417450981113
0.41354638557037837	0.6120276209280686	13.493683614264725	245.06089609040953	100
100.416
2	3
0.15	0.15	-12.0	-6.5952	-0.014341486581707742
0.5393600782287511	0.6311907046284537	10	243.4048	99.98565851341829
100.416
2	4
-0.05780605253440264	0.017484012997956114	-12.0	12.880949353158837	-2.333081701275873
0.37141860790981646	0.4761845308251864	20.55308264147636	250	97.66691829872413
50.416
2	5
-0.15	0.15	-1.173924025445168	-6.5952	3.8949996259462956
0	1	29.180078061267185	243.4048	100
100.416
2	6
0.15	-0.00918924493184533	-6.117257157040921	2.676405195859426	8.011235933856108
0.6492222383561168	0.5005400946639933	27.720069619274494	246.0812051958594	100
50.416
2	7
-0.03338793040177571	0.004200363646226033	7.074965470484608	3.9755931150675674	7.872286235802818
0.39506155100337254	0.5136198311468848	30.43368792428072	247.38039311506756	100
50.416
2	8
0.15	-0.07149811955174938	6.0755552540694	0.4409513605065954	4.5927228121740775
0.6738107206048344	0.6683477625356374	28.52541620893732	249.18986157714352	100
68.248
2	9
-0.008529339910902885	-0.03822102410615344	-12.0	-6.5952	6.08563937273443
0.38072048169151596	0.5802889370029112	10	243.4048	100
100.416
2	10
-0.01001136983413563	-0.15	12.0	-6.5952	5.2312170357713645
0.40033770538481744	0	49.835948187959254	243.4048	100
100.416
2	11
0.02939620651191424	0.13412960081360104	2.399546019131018	13.9814244857451	-2.4732
0.4283621001256719	0.5808505049073089	12.399546019131018	239.85844418725	97.5268
70.288
2	12
0.15	0.15	-2.485575953156107	20.928402321541817	2.7613571844603824
0.7819444497790362	0.6090305455086993	30.156823970344206	250	100
50.416
2	13
0.15	-0.15	-1.0969360186984718	-6.5952	3.6944418999720603
0.7607215202847548	0.35690339371243296	29.78680869791178	243.4048	100
100.416
2	14
0.15	-0.15	12.0	4.4528455158433555	7.60714874620063
0.6054014674436204	0.31679974473866473	75.89339922111593	247.85764551584336	100
93.904
