18	0
-0.5252618093485437	-0.00534815576294424	90.50700597553059	0.5100628676958354	1.2748067269037928	-1.216398029702043
13.495573084613548	10	2136.3761439393697	46.94856667518964	74.75473854187013	205.19738042430586
3654.4557820467244
18	1
0.007200542986884483	-0.016193812398499076	-80.8708875985836	6.94474199395491	-7.480565405662056	-0.002723804047592642
13.845738074990994	10	2061.623419834975	46.54877474136113	71.57160589358124	206.05984301029818
3547.521825342288
18	2
-0.7481855523601021	-0.009613293224223886	0.6633936659836611	-0.8482519753817989	-0.6456120490636621	0.004942699949841733
13.337248511300304	10	2082.8613461878904	46.287016713731546	63.288651211633386	206.06540404051313
3704.235567424734
18	3
0.05207856540687933	-0.0015409710680506445	-224.255665539252	0.31254555764754033	-13.679501938805442	0.22144451542848612
13.852096644948633	10.013181678047617	1935.8501456006204	45.980866440456865	67.11221151473744	206.21319113867744
3375.2006603057052
18	4
-0.32965851427136716	0.0008945970415711315	447.0	-0.9244358335555928	-14.25	3.5671034979085565
13.663057974562252	10.00089459704157	2707.6307725781044	46.09586048074181	66.08493378343172	208.1591576222843
3491.7959788567514
18	5
-0.31720213875729597	-0.0010602622627865492	447.0	3.64900813066581	-14.25	0.03889439219894186
13.717474737790397	10	2507.937290207851	42.27100241758146	28.455774308686927	206.06652135723942
3469.407446587505
18	6
0.053098110718908534	-0.0051777200744408764	-151.57315622827167	-0.42639086016140143	-0.8858370906236643	-0.26159812833171586
13.835815519631812	10	1987.9588385523257	46.43058469419718	74.38834861012411	205.88655774005915
3629.9429190319343
18	7
-0.07623689164858974	-0.0026675028836377923	-9.168214631026895	0.8116791269514122	-2.3245497720515362	0.43026956103296443
13.778104782426173	10	2083.882860949122	46.80083981291551	75.49206964462424	205.9582418719868
3409.8649468205954
18	8
-0.09751641664567239	0.020231089521131493	18.854273320061026	-0.033519750994909954	1.443183154179141	-5.883542506821108
13.9081592742692	10.02023108952113	2096.5702440702576	46.71420038629549	75.74862526209516	204.65944420869502
3257.6996768868066
18	9
0.003808423806163519	-0.00230908968704482	24.375362967465854	0.1618853724332696	-8.983491028730276	-0.07908532701788017
13.84353429267525	10.00017859518505	2074.7834459740325	46.824185975250714	87.86721559637064	205.87839793284613
3531.2683250698974
18	10
0.7186757603859371	-0.0022312152297467337	-10.865676613927878	0.003276909436893744	-12.030078960067444	2.1887358135807755
14.120429692259545	10	2076.3332131396915	46.69807222004159	87.96992103993256	207.48995319242474
3461.995934613658
18	11
2.558727951248881	0.0003964349515820934	-419.62825347373786	6.303391001097184	-2.370359209048063	-0.3408037309332073
12.558727951248882	10.000396434951583	2041.1168571736002	43.684057393239044	74.89393124465256	205.8866182994627
3448.225229584805
18	12
0.2441749204953504	0.003967903622144682	447.0	-0.6366133294270271	-0.1529103512315991	0.001232428668692089
13.802468414993491	10.003967903622145	3000	46.39777258088984	75.0149514041568	206.06301703506207
3389.4609849293247
18	13
-0.11230013205262723	-0.018836358941234914	-5.393215384551617	-0.06140958048890218	-0.19119810553033567	-0.4343995687439931
13.788943293276333	10	2082.138699168382	46.70106332607286	74.89706342281154	205.8397439985139
3585.9809097019006
18	14
-0.11891612637369404	-0.011359252180148157	2.9840643145348364	-12.0	-3.2598602924332707	7.008632029510222
13.772085672084236	10	2083.259903169745	47.902427951553946	73.7977096059009	208.47618773072716
3643.2372475997663
18	15
0.1538707103065137	-0.008963627439938983	4.408844348636819	0.09076469965563896	14.25	-0.7302308980911365
14.015702794538658	10	2165.046601816226	46.72638781067335	76.07593200982589	205.8166283326384
3526.468297483829
18	16
-0.011576042697973073	0.00492733272053718	-7.5716191773892145	-5.851615100518758	-14.25	0.004141551776962636
13.839163302182419	10.004927332720538	2084.3305374043202	43.86813195995909	65.08404379911939	206.06295122323814
3477.1355789632034
18	17
-0.0020039191536240695	-0.0012021664174864332	210.4610976433342	0.07956548994734178	4.586091314004543	0.0842167095367567
13.845990885573853	10	2231.322929018819	46.676555444412436	76.4854206701113	206.08257572195612
3595.383684081601
18	18
-0.0001617045684072288	-0.0007847813223765157	-3.3729026627445786	0.006942143412514039	0.5454041488873307	-8.19670070306912e-05
13.846747637804569	10	2081.044518858381	46.71735904884784	75.15732727331968	206.0751805400266
3187.208898221246
18	19
-0.0229054371256084	-0.0019499333591272068	203.58799191503985	0.3285900014614212	0.11166676615385153	-1.3845844086834935
13.848234041620048	10	2142.6816310458375	46.91096362786461	75.05894971436138	205.69256785365732
3578.1031873681845
