55	0
-0.001807313710712472	-0.00017245795548480848	-0.000555868116092527	0.008288873926708414	-0.0014797853674690825	-3.929295431779559e-05
0.7248911763769955	0.5187248308298545	0.2615674511260206	0.0684153963144716	0.005775917074361274	0.0034049169688598812
0.3899796030972847
55	1
-0.0037082979598511193	0.00497290286397375	0.001980376046008667	-0.11769877047774327	-0.003444482924309645	-0.0004726551655979782
0.7239544300783074	0.5166972906189167	0.262852049453824	0.01842024724025157	0.007381172088686293	0.0030127344265259886
0.42691641415846365
55	2
0.03980674938373406	0.007163338338724653	0.03913206645229497	0.015126388946254687	-0.0015158674794861155	0.0020421611622107655
0.7379800468422145	0.5226927406992322	0.28767020484872624	0.06598077975440665	0.006175469539044583	0.004762536650346717
0.42407530033139706
55	3
2.984615080968352e-05	-0.20564946346109544	0.005901776510734779	0.0010306933517695307	-0.00022081903990463055	0.00013542860982385704
0.7250124363242356	0.39190227333932837	0.2636324765409902	0.07168859282677946	0.00688544782014788	0.003505253025343578
0.46616892322811687
55	4
-0.001360902651999037	0.034686561426980914	0.017601394283741297	0.024265788934954336	0.0015611685883637643	-4.347930505566031e-06
0.7252127715408743	0.5383460171831296	0.27143368220158415	0.0872993971153316	0.006898868006361405	0.003379044756507383
0.4341502958536071
55	5
0.0017099195087337607	-0.0037707054334551607	0.0650511720240236	-0.08887180961431279	0.00455805655316061	0.0005398420820702661
0.7257509932250189	0.5160885695733933	0.2876746674771124	0.0067433417450799005	0.008271899644534807	0.0037003562146632834
0.4612229268450779
55	6
-0.02044833318385944	-0.0007834046196360475	0.01465739513755885	-0.03989946340079721	-0.006980440061368912	-0.0013674501242253684
0.7128007082786616	0.5170607160260626	0.267638504450717	0.09863566408035511	0.0040574279503018925	0.0024329346826453707
0.5222833578802588
55	7
-0.3054619138618505	-0.08658847858778189	-0.011514825188854794	-0.019614550617838757	-0.001061617299608221	-6.701200698661862e-06
0.6027779934844095	0.4961383211880151	0.25376242964326845	0.06606421501915086	0.007684442652002186	0.0033611233091904733
0.5807982493269674
55	8
0.0001312068963546839	-0.026638154186840474	-0.0032683833565437656	0.003629164846263114	-0.001462265665910793	0.0020290588620354923
0.7251463389784253	0.520203438374978	0.2614360644759374	0.07343719563036025	0.006056994102564219	0.00472343801379046
0.4169808641285463
55	9
-0.003136321158197642	9.870353188237967e-05	-0.00016958212728207213	-0.02557120538453501	-0.0011744500984241931	0.007017210420585023
0.7230571583818619	0.5187832616552117	0.2618421657235462	0.06143988660608217	0.006324549504936284	0.007017210420585023
0.40999872424017286
55	10
-0.0032656144323401975	0.0017150393310488134	0.0011135503208192286	0.0008781987206296798	0.001303587375271168	-0.0020521433610273254
0.7286615579116734	0.5189960422071319	0.2588382202955105	0.07305792377552138	0.0071621766643161	0.0023554676499922544
0.408316091279696
55	11
0.0012017939125702028	0.003285683861221258	0.00261932758672552	0.1417994092757731	0.007002862996191578	-7.439613955360791e-05
0.7258008094381735	0.520644586100821	0.2627873034941127	0.14643591703864955	0.011372042643399315	0.003351107849809235
0.4004733513711167
55	12
0.0036695372366968328	0.004473787567130886	-0.0016861383674575486	-0.005805460924297714	-0.007528843168886874	-5.956821566426292e-06
0.7273835108311215	0.5210337883388048	0.2607638190702534	0.0709268273513661	0.021728998295663316	0.0033673700186668373
0.3909244060768021
55	13
-0.014201312170194547	0.004559883914782847	-0.006071873397922551	-0.08823015248157243	-0.0028470247283039884	-1.8372593691177874e-05
0.716535284445244	0.52073821924531	0.2603368507676448	0.011819651113185795	0.004902218684569547	0.0033532348037588157
0.4450812086735206
55	14
0.016489188569172412	8.936937974930263e-05	-0.009119543169828236	-0.006481659979835789	-0.009315546882003724	-6.507173204482885e-05
0.7385956078147244	0.5188049621100022	0.25945996437182267	0.06958054165585523	0.0024672972883777074	0.003349595063878589
0.3931324267950269
55	15
-0.20237223909098995	-0.004911085127131751	-0.00019289717857312873	-0.00546055792596792	0.00041200533883718076	0.00017736546883709983
0.7163128774971217	0.5153230385309809	0.26198191376825886	0.07750443828245028	0.006990684067049896	0.0034091349538733977
0.5188445217666684
55	16
-0.08086275860983906	0.0007217765655429392	-0.0034195213092572587	-0.001974142167048217	-0.009441892171757218	-0.00015325861579021673
0.6808257459130399	0.5192138521083203	0.2544807102215753	0.07223652601226498	0.0023472178731503684	0.0032805999008701536
0.6872994563444913
55	17
0.0001636310237909172	-2.1669271192172196e-05	0.007735395138371801	-0.012452937407719423	-0.0009341281263257143	6.262570065376346e-05
0.7253143656703163	0.5187657574618246	0.26684246825992286	0.06749992546042403	0.0061936927029274495	0.0034098955141120433
0.41036180343110884
55	18
0.199422041060334	-0.4353272643930922	0.00039232733833853746	-0.0117182053549644	0.0003788614311704516	1.8088799646382754e-05
0.8664755093926763	0.18903398854606668	0.2620934967616726	0.08028224691015409	0.006986333613369207	0.003355717380191053
0.6051811325294666
55	19
-0.0001788228576274899	0.05357098833317017	0.00040475685428468904	-0.0397930308113841	-0.0016225356129302318	0.00023449165215980354
0.7252013561774306	0.5378389965371688	0.2656616307719912	0.04538203954674303	0.005663868830269328	0.0032851988111558634
0.5248904244497448
55	20
-0.03284326253373411	-0.00012643762061589312	0.04056887354934277	0.0004385297591614804	0.006321327478910238	-0.00024363598731824416
0.7393275311424016	0.519286956767666	0.2619424584608693	0.07134419115640443	0.007121788761424698	0.0032369822198874644
0.6572611826883863
55	21
0.0006709072742846912	-5.9170950751411696e-06	-0.008067544175843377	-0.031414745705482625	-0.0016587720534020037	6.589253309946338e-05
0.725715705743332	0.518718493185073	0.25683616406552146	0.04724532970830968	0.0057553468639173575	0.003411129783091408
0.393075375392149
55	22
-0.2896967812572061	0.004224622661891179	0.006233527470885052	-0.0027465563289477794	-0.002340280487370877	1.1217213571367942e-05
0.5384673024018568	0.5192924277946483	0.2615530022190332	0.07072754925783455	0.005709531285818921	0.003371220500488111
0.45202917165594586
55	23
-0.00021321987712001167	0.0036149702484376553	0.0017522244346037227	0.013316667504933315	0.0032841335693696377	0.0013954474231872873
0.7254258531143734	0.5168846233090847	0.26702627038860915	0.059681577458468076	0.008797845579489122	0.004151380266408289
0.4538745541218708
55	24
0.034095386553814375	-0.0003362627914655725	7.387667220965398e-06	0.09477791780108566	-0.00350874010054823	-0.001193130885731214
0.7296280363188401	0.5195239283749413	0.26195348622582876	0.13016799077115987	0.005764495327075451	0.003561500441987885
0.5672582816395172
