10	0
0.0	-2.5122286039450117	-0.9147811372049701	13.5	-3.985690295889083	0.0
10.0	94.07572779993448	94.07572779993448	60.81416298000137	1.3446684285827608	0.0
7.739106570471508
10	1
0.0	1.775549470029919	1.291442956803693	6.732368182296865	1.0303495160919867	0.0
10.0	95.8512772699644	95.36717075673818	66.24813642372943	1.0303495160919867	0.0
7.5887065704715075
10	2
0.0	0.11059188441030876	-8.90285504089065	-4.283029808231738	-3.7369900897704875	0.0
10.0	94.1863196843448	94.07572779993448	75.53610175163362	0	0.0
7.952293302784142
10	3
0.0	0.05859612903269211	-6.6514599721183005	-13.5	0.02425053789200171	0.0
10.0	94.13432392896718	94.07572779993448	63.031860544259075	0.06374706987556356	0.0
7.5887065704715075
10	4
0.0	-1.2477636412589184	-5.809234041901374	8.287562175230796	-9.336078936292857	0.0
10.0	94.07572779993448	94.07572779993448	75.42893462791142	0	0.0
7.076713893459622
10	5
0.0	0.15359538712653534	2.6521729416277466	13.5	2.9688351927140455	0.0
10.0	94.22932318706101	96.72790074156222	84.6959513594876	2.9688351927140455	0.0
7.69396964721465
10	6
0.0	0.248785493454713	0.41735913769742844	-0.0029028828262170903	0.5728316388688329	0.0
10.0	94.37627060109465	94.49308693763192	74.35093412173799	0.5728316388688329	0.0
7.15445429000969
10	7
0.0	0.09382647225321808	1.3060800919839153	13.5	2.2925175042840147	0.0
10.0	94.1695542721877	95.3818078919184	95	2.2925175042840147	0.0
7.5887065704715075
10	8
0.0	-1.4152052934925485	2.6133493060555972	-6.185471983030537	-0.291996326673908	0.0
10.0	94.07572779993448	96.68907710599008	69.16566643649941	0.5804992300421334	0.0
7.27714495327199
10	9
0.0	0.7161229528027567	2.917677677911768	9.265241981878502	-0.2368078395943437	0.0
10.0	94.79185075273725	96.99340547784625	74.20762222516812	0.22926411490954685	0.0
7.739106570471508
