12	0
5.944110422552206	-5.384469505223633	19.829815462231373	0.6247195827749732	0.7452958570847329	-0.1233963415488008
150	15.663868493677294	473.57844337656553	71.58927699371058	81.43984455413319	243.9069616914974
1207.291074567215
12	1
1.6440934910974612	6.768979587470723	212.47119440873075	-0.7364282604023937	3.107154085277406	-0.9593049116337292
149.70343218578475	21.168728049720386	275.9273046549523	73.46461204106686	81.32165406553789	243.08844150197962
1291.3036818981798
12	2
1.4904216229130602	10.566873109083692	33.75510570140487	1.8597587137700273	2.9855802252729036	-7.5
149.61086551252197	26.723124046583393	429.6558982468353	72.8361429691571	82.89016109617727	236.54620637199682
1531.4941255440392
12	3
-0.004134818964497884	-10.109923756652583	-2.185011876010531	0.26361585654971287	0.6872133263537058	-0.06137566655678026
148.7906138317616	15.960039854850491	401.59223582042847	71.42020840526793	81.57597978417753	243.69560911369143
1216.9493776571376
12	4
-0.016740247519440008	-2.123710390453149	-447.0	1.3484146190635438	-6.356317143899395	0.980036655071709
148.65140216754875	18.59294224347324	20	72.07187257199331	77.07940564077339	244.20994822175106
1276.2403646864877
