41	0
-0.024111311600625074	0.0017456466826743728	0.07309387332955117	-0.0013325529235543128	-0.0018752821013866803	-0.0001582124572729341
0.6460590194789603	0.4324508965536628	0.22528393831736312	0.022236882264061224	0.011195858272407109	0.0002222287746268421
0.6397915941192418
41	1
0.0011459215279775255	-0.016537385537011534	0.00037561169387441656	-0.015248789418160442	-0.05451044068870708	-0.0026843421495725372
0.658243048493716	0.42925983213170305	0.1871621156804468	0.015465277362645833	0	0
0.6944267391420559
41	2
0.006553340313510283	-0.0479529313588881	-0.008537580109102768	-0.042309115541833635	-0.0013474631781068475	1.7425119324859252e-05
0.6632420435072818	0.44728919189935523	0.18064575351232678	0.010243818948207167	0.011238314314063106	0.0001242627628107442
0.6679778275265829
41	3
0.0013890001134790927	0.26089060877785636	-0.054764672060041326	-0.013699186373381585	-0.007927099019095407	0.0003507411481996743
0.6629461597065529	0.604855561974609	0.1590429752371126	0.02640984631397441	0.010037997836741417	0.0003507411481996743
1.4204727190073008
41	4
-0.058039648170662095	-0.04304556933763752	0.01732884730761693	-3.1404940991051856e-05	-0.04494018644656501	-0.0005168920147839455
0.6507664172244627	0.43790586940778536	0.19745425030048003	0.022793633571921164	0	0.0004586771211287479
0.8210142872079781
41	5
0.0058909929727692005	-0.005848921911117803	0.040758044051747246	-0.003773341322010553	-0.058995133457173415	-0.0020129015944167733
0.6662596722823697	0.43192890092464037	0.21424009347625186	0.020595635907575963	0	0
0.6269464536242628
41	6
0.03650312936172724	0.08171295956904648	0.016693858164597276	-0.018555041884685913	-0.02362158531164515	-0.00029712015393374645
0.6825161216394257	0.4065844519148817	0.1968227173818691	0.011615710646348209	0	9.392883425881542e-05
2.0727658833842977
41	7
0.00430137472621894	0.01456773466421874	-0.004891899492918899	-0.004678273252032867	-0.031183240765542877	0.0015176883129900634
0.664425981316406	0.4434953658517882	0.1867820293629284	0.020427480945936282	0.009866317742367844	0.0015176883129900634
0.6020029429774758
41	8
0.005147585197344815	0.01826351669557218	0.005777126382254133	0.026980546490326985	0.010525544346284403	0.001811369158549076
0.6654756710646623	0.4445874193277835	0.1880469632911931	0.03765373664080329	0.016470662547490238	0.001811369158549076
0.6406813948676103
41	9
-0.1987718287309072	0.002030337468964121	0.138432992663564	-0.008021721659257216	-0.01079685953745791	0.00014748988212942354
0.57597857940894	0.4347707290795354	0.2800967457467709	0.01817817275087178	0.01978621570121627	0.00023126913061454661
0.7185269043851019
41	10
0.0009587147603499196	0.0019821640162241807	0.12362967212468123	-0.05780772871906778	-0.033858290028555726	-0.002757910974295829
0.6628305230805892	0.4351932596121533	0.2629567514910103	0	0	0
0.7879487793538084
41	11
0.0038868715870951443	0.026529748004246206	0.0006659271103168088	-0.008531488119462693	0.00014150963728957116	0.000206136185366057
0.6652723743742144	0.44039674336571677	0.2081251217280541	0.026494126041724936	0.010331143330573602	0.0002886610453503499
0.6437460673882673
41	12
0.002547820800478949	0.003362918339755783	0.0318612542011017	-0.02091380264921547	-0.00588274550630082	0.00027519169218232083
0.6611738249883307	0.43634625158433965	0.1927729138724986	0.012516625204493197	0.01281513358396932	0.00027519169218232083
0.6408701279223102
41	13
-0.08134132821338436	0.012347960997375056	-0.0011963714238766234	-0.0019533873822688507	0.0007239987927096275	0.00023229675652429368
0.65691701071516	0.43072934361139065	0.1884180463400147	0.02107516032633211	0.006917366422674175	0.00025007052810917995
0.6599573642119054
41	14
-0.0036671275612562278	0.0034612378300092226	0.10942425790322324	-0.006295646335451947	0.0003477696189799993	-0.0010858736155300102
0.6618634285533771	0.43396986156864853	0.25895977126640674	0.019408412744171613	0.01195752364853719	0
0.6742271066140717
41	15
0.00519493016299552	0.011902869221749827	-0.013967621904726396	-0.04601318332175729	-0.013489853971626156	2.7520052419953284e-05
0.6633854616629083	0.4408252180984061	0.1808376817614969	0	0.0029144009394085086	7.268405580232475e-05
0.6108466484357636
41	16
-3.450739099735416	0.024417102224295547	-0.008965915948669972	-0.02587078438154293	-0.007015477708125607	0.0003297278179622399
0	0.40512523717645277	0.18515729923915378	0.019017893171128147	0.006958957240096577	0.0004051839521409901
0.8764542781228087
41	17
0.14180783240503653	0.02952552929941086	0.041361937633777296	0.0012994284772234672	-0.0142968298989447	0.0008446222155467041
0.7544905423752248	0.45555183974385366	0.2101007430330968	0.02187924058450077	0.016678737775258985	0.0008446222155467041
0.670337589042638
41	18
0.008665907067993674	0.004408581272736191	-0.009038121511582236	-0.03153634433578575	-0.004264072931214391	0.00043376514433295674
0.6676287218879232	0.4354841664970431	0.1799764975286478	0.007926943128197993	0.01148890829394764	0.00043376514433295674
0.6051811325294666
41	19
-0.12669334924220968	0.009029511126665566	0.0024141785663639777	-0.04290825637958873	-0.0073391617051670605	0.0001789865706378786
0.6032025116661606	0.4382748899778132	0.18740431187399734	0	0.014052802928746257	0.0001789865706378786
0.6377544799276639
41	20
-0.010501019100156493	-0.001584294043264533	0.08744081703712159	0.0022547245527995722	-0.006974868819402925	0.00042221723253167004
0.6551902688321161	0.4345584283005797	0.2406801641223574	0.023081198511620975	0.009340533337612447	0.0004469245468018419
0.6572611826883863
41	21
-0.007954765909699651	0.004509043780700567	0.008181586296251504	-0.03906103785993172	0.0003017652871474272	-0.00024193766222741425
0.663706720900823	0.4350632733888707	0.18447945449352132	0	0.01127692149890425	0.00039786653635441555
0.6008638359140733
41	22
-0.03338343663706773	0.001880962537258293	-0.004857655794605392	0.012628757263981211	0.003714784636766474	0.00021072504564159555
0.6413865968721929	0.4331579126090742	0.1839005486874316	0.029699653199754705	0.009305655726580825	0.0002919930466112378
0.6247467924023997
41	23
4.04632036757862e-06	-0.00022919706549482085	0.00018718828794787203	0.0004476429703042803	0.00043676971268179367	-1.2409934681455962e-05
0.6628046171570763	0.4339832195850211	0.18609713079054216	0.022961271041845185	0.012060562810280773	0.0001488870818328902
0.5987158616703373
41	24
0.016149255802435307	-0.00422982369048526	0.04808275493758037	-0.02025755547372467	-0.013047047040826045	0.0012129859076773115
0.6718086839119086	0.4323043256279209	0.20134257883834816	0.010310240438131283	0.0031396452549313243	0.0012129859076773115
0.686687148393487
