2	0
281.67831210996997	-8.837942376858392	81.91534864650676
1200.615918306891	80.00209632407197	632.4560507691573
56.830000000000005
2	1
-450.0	-15.0	-150.0
0	78.47036625181325	680.8974760320003
33.23533333333334
2	2
73.12655584192011	-15.0	90.48654669340777
1050.4393555797687	17.105748443107657	637.8970155417044
1174.424
2	3
-404.2093454049479	-15.0	-150.0
981.5930555340851	21.22283397823206	225.29918014760312
32.60266666666667
2	4
-23.873347501813825	15.0	-64.21859459565496
1710.6785333885848	100	598.6495311424738
61.366666666666674
2	5
-450.0	15.0	-89.3967524068348
0	32.124777388432136	772.3126645500913
32.60266666666667
2	6
-450.0	-15.0	150.0
1167.770634261361	0	611.6753866508728
32.60266666666667
2	7
63.39746266154569	15.0	150.0
1280.51812301152	32.49565344941009	455.52207836730787
32.60266666666667
2	8
-15.560568495591596	-10.591032132010987	38.954701114774956
1136.3147570345861	65.00507418633867	38.954701114774956
43.334
2	9
450.0	-15.0	150.0
2359.225326518431	8.488240669382563	1000
32.60266666666667
2	10
39.61617459139357	-15.0	-150.0
1245.089637544106	63.5173530610381	417.3261201424105
32.60266666666667
2	11
-64.32405739178249	-15.0	47.08701356734141
1134.5045321887644	25.259623507960697	129.02994470165882
32.60266666666667
2	12
-169.9405488282183	15.0	-115.28928829007408
1446.9465895789776	100	718.5989328753403
46.03333333333333
2	13
-450.0	-10.195240560393117	20.978712843819405
28.32266171587844	89.80475943960688	574.914421465906
32.60266666666667
2	14
450.0	-15.0	-150.0
1881.2938805877761	0	402.507406308029
615.5706666666667
