45	0
-0.06823215001637531	-0.006955146963407181	0.03576237119640754	0.0504420651103764	-0.0265145392061159	0.003070207481155904
0.7040682618191093	0.465976677539286	0.23381822492156704	0.08592160840728019	0	0.004371749946637476
0.6397915941192418
45	1
0.08494836025325868	0.030750788892274984	-0.012042507224669926	0.010002274614424975	-0.09774213601692176	0.0033274425539858666
0.7527041203231792	0.488062794309053	0.2006828760865539	0.042458082076837635	0	0.004994137465083544
0.6247717829693209
45	2
0.0006980197363113205	0.04273035799398926	0.001997002483191155	0.052407246959409695	0.0005402421728824441	0.003642621481275426
0.6736294376953202	0.48799624668305547	0.20654670276685808	0.08513774525413023	0.012363494029812013	0.004884751492764755
0.5645751817836077
45	3
0.03891771756110761	0.032341634542606905	0.005266333365860818	0.01883938904275884	0.009180245185319954	-0.006654580434082454
0.7025140408467047	0.494705191850786	0.1934023180818519	0.05907301915692932	0.018173080993770463	0
0.6908458714507638
45	4
0.1526329421494964	0.02433149450584506	0.024962179483590377	0.050894510141929764	-0.049754730702121455	0.0030894004938369244
0.8005966255072303	0.4691390950256954	0.21516396674353777	0.08850425260486743	0	0.004680710260213758
0.5992102395672684
45	5
0.047250251696699386	0.09012109636742242	-0.030578884918570727	0.061123493440843474	-0.03347746280094809	-0.004064847139294805
0.713746447017111	0.5139127823455281	0.20075365281561275	0.10176452405961406	0.018770692041552482	0
0.6269464536242628
45	6
0.33299037781206486	0.04352529990950557	0.021237888501957628	0.013816759359647934	0.004026319686554232	-0.002226809777403768
0.8883174667622201	0.4815753146532913	0.21658014690477512	0.05733303815096248	0.014104470298248765	0.001720765870971406
1.0279327009380617
45	7
0.03315355848732323	0.08452709551480074	0.04253893607312156	0.05130175375514834	-0.009605212589856712	-0.0005332431106602667
0.6997808834654097	0.5257182720098726	0.23826406633206598	0.08772005211629712	0.008340851604720418	0.00241845759847064
0.5807982493269674
45	8
0.009504584878535187	0.07182350092087192	0.010892765495292351	0.050721577614930215	0.01222495817951052	0.0037982544997080506
0.6825581264793665	0.5113579569242532	0.2088938811193303	0.08896330816955023	0.020837692109439317	0.005325064036737403
0.5604095165337998
45	9
-1.4688359367578707	0.0846887021840299	0.07637470231860692	0.007370277255189878	-0.0020761833241835005	0.0029103156249880406
0	0.512587025950469	0.19922817493093592	0.04580539752790123	0.012011324793355448	0.004770912396464079
0.7185269043851019
45	10
0.061426549695454885	-0.02400735199624303	-0.009833288075977359	0.022709099879625123	-0.004458051303126983	0.00010417234556009018
0.7327380379063748	0.4554409156844145	0.15181379290945865	0.06910467771675874	0.012709119170485336	0.002755677401772272
0.7879487793538084
45	11
0.014217341584477324	0.0697634543094716	0.07279283205545642	0.05252668802925129	-0.002858403585106641	0.0014412355276276533
0.6817009145038845	0.5166399665833922	0.24743215368481175	0.0888526224366856	0.010398003810262443	0.0035381005332494734
0.6184187968919462
45	12
0.0783832139464083	0.015286914096020902	-0.011971177438109382	0.019023867833486155	0.004207837537896612	0.001630564285058907
0.7501172400863255	0.4593337833425572	0.2005883014837291	0.07269724806942995	0.014574122192623684	0.0038717940953941253
0.5809473580229229
45	13
0.09781273214345333	0.13123591049241257	0.023612008189166374	-0.0003742479081782369	0.002147748178770094	-0.0012595490587856016
0.7643069285326578	0.5506311853030602	0.2179961541982568	0.025227180206914675	0.013384170111055426	0.0019301687796477644
0.6144632673209759
45	14
0.0734491676082313	-0.02458649495075983	0.11887494059615081	0.005259791881292905	-0.009529875633676176	0.0009008760044498467
0.7456465242401679	0.4943195925984538	0.20999709281329976	0.053859983417296815	0.006826838548240078	0.0023564552412695425
0.6742271066140717
45	15
0.05357599371739057	0.10012446888863676	0.10564788486128264	0.0747643710240797	0.0011133482331255296	0.0022232725060223114
0.7221199573448793	0.5384497656591724	0.2808062882346851	0.10955660091838815	0.011227717043528151	0.0035615194630232876
0.5953785763964854
45	16
-3.8078014153625843	0.040871097356532306	0.02504966216894782	0.0007015988259118141	-0.001742888263600563	-0.0022347647339836445
0	0.500879845195788	0.22506949615234526	0.04974479348616735	0.011479329572613179	0.0024570930385474092
0.8764542781228087
45	17
0.0025620277413699547	0.08620891389644701	0.06062273910201648	0.0191974179974025	0.029609817138201426	0.0013590656767467318
0.7209194002705844	0.5206032840549839	0.24806599552513944	0.05776514486421139	0.029609817138201426	0.0035311870899285705
0.670337589042638
45	18
0.03202969123945198	-2.8079639231905554e-05	-0.041695686463260724	0.046083327578256235	-0.0021805338216693963	0.0009763951231679905
0.6979802110817961	0.4527486042958283	0.20045657620970078	0.08957709367091626	0.011607542907209653	0.0031505060688014567
0.6051811325294666
45	19
-0.008132571152717481	-0.009694745118049252	-0.004168837827177732	-0.008472137181080079	0.00014412270553268067	-0.000532596870343638
0.6897992980490829	0.4645711679724662	0.20566215095658918	0.052931835128573454	0.012237939179876131	0.002374591286553949
0.5334333611544443
45	20
0.024423292716392632	0.10688791300756148	0.19483868624519962	0.02419825737285019	-0.021896329285025152	0.008885187116373601
0.698003081255769	0.5472614245300006	0.2775478943009473	0.0567335734157326	0.0018511705121932384	0.008885187116373601
0.6572611826883863
45	21
0.0773513459804736	-0.014655614761716885	-0.005119234005083747	0.040352871130548786	-0.01706957139428163	0.0021247336795595425
0.7490325708272598	0.470599984649378	0.20748598279009656	0.07732718594082097	0.002614707570623216	0.0035328299982546095
0.6008638359140733
45	22
-0.027900799472502263	0.034889351185716386	0.009088467940470994	0.03687385268935631	-0.0030280245649902788	0.003699429076738897
0.697786471983213	0.47712725600234623	0.21496560093096706	0.08011362382747315	0.010911441118776113	0.005354617303616553
0.6122530784009236
45	23
0.03811089040041259	0.045953504768763566	-0.016499555009205347	0.014122701643053463	-0.006668492996870447	-0.0006169466378701501
0.7028329397880005	0.4927184616295211	0.19983129565477953	0.045934150494964035	0.008589752361771424	0.00236368988840767
0.5870550339377986
45	24
0.05660022742004268	0.03391605741945876	0.012608421490963608	0.06886476964889854	-0.0035009507945144317	0.004023291961758356
0.7233456389399201	0.4743658259624292	0.20534466409743188	0.10585562240683921	0.011482085861281011	0.005454500655716829
0.5672582816395172
