5	0
586.7205090443392	-407.52445002256303	-48.80354242065215	-115.99812497867865	0.4988972864532769	84.16424486389597
0.0	159.28754187708918	214.04003743055205	156.38778710393234	0.0	0.0
318246112905.0
5	1
-11.323734128637572	-546.180467728275	-370.8051594126275	302.16507198112805	80.30916671924206	52.04606007947012
168.5571472318559	0	0	302.16507198112805	80.30916671924206	52.04606007947012
374572747417.15314
5	2
33.20848883215531	-199.48236894839997	60.30975960287999	183.2109565184372	84.91454132369073	65.64973921237247
182.6655748793704	0	60.30975960287999	183.2109565184372	84.91454132369073	65.64973921237247
70361073146.65294
5	3
145.85018581756674	-188.1568193518834	15.713645123468867	13.538291826235513	59.22284569531115	96.66796862394189
225.21183846858446	28.539533963498116	39.73338812757518	88.30141848706262	59.22284569531115	96.66796862394189
227121454011.8823
5	4
2.8588275976760666	81.27935352121557	28.175362100619356	274.8	48.62912760624093	25.173933427976394
160.01721682913995	81.27935352121557	28.175362100619356	362.5593731842908	48.62912760624093	53.75563290487678
66935474881.450294
