9	0
0.0	1.1475207118796524	-0.8150033073661838	-13.5	5.330358724471844	0.0
10.0	95.22324851181413	94.60476252384152	39.590439334250355	5.330358724471844	0.0
7.739106570471508
9	1
0.0	-9.691863919377287	-7.0493611179240885	-13.5	-5.624178581288136	0.0
10.0	94.07572779993448	94.07572779993448	59.51576824143257	0	0.0
7.97789309017744
9	2
0.0	-0.6036674913226461	4.563426308809556	-13.5	2.009565377679392	0.0
10.0	94.07572779993448	98.63915410874404	79.81913155986535	2.009565377679392	0.0
7.952293302784142
9	3
0.0	-0.3198478658989744	2.0429865030089265	13.5	-0.7510513821084409	0.0
10.0	94.07572779993448	96.11871430294342	83.09631991088315	0.039496531983561844	0.0
7.5887065704715075
9	4
0.0	0.3752474430917744	5.019557618308388	-2.4732	2.9076878411626774	0.0
10.0	94.45097524302626	99.09528541824287	67.14137245268061	2.9076878411626774	0.0
7.076713893459622
9	5
0.0	-0.8384027681579439	-14.47692653726936	-13.133063925987207	-16.205432274639985	0.0
10.0	94.07572779993448	94.07572779993448	63.23085322182988	0	0.0
7.69396964721465
9	6
0.0	-1.978789916589069	-2.2781612319728626	-0.8498340265859311	-3.1268102558342408	0.0
10.0	94.12748510763993	94.07572779993448	74.35383700456421	0	0.0
7.15445429000969
9	7
0.0	-0.5121532328232428	-7.129258144017005	-13.5	-12.513741835611434	0.0
10.0	94.07572779993448	94.07572779993448	24.834177416705415	0	0.0
7.5887065704715075
9	8
0.0	0.3103073689098728	-14.26500712912444	-6.709724318212869	-0.4468142044231928	0.0
10.0	94.89880118739019	94.07572779993448	75.35113841952995	0.8724955567160415	0.0
7.457837458795024
9	9
0.0	-3.90896808298448	-15.92618819820834	-13.5	0.46607195450389055	0.0
10.0	94.07572779993448	94.07572779993448	64.94238024328962	0.46607195450389055	0.0
7.739106570471508
