21	0
-32.187665631057406	-0.7064831217499348	3.6610276619455524
143.60080819411232	61.36700727322356	626.0867085219583
188.24800000000002
21	1
0.6315334995399877	0.052278039540340895	-34.89688490833165
165.5278704180661	61.61240129780118	600.0420903493421
132.67466666666667
21	2
0.5068560939479	0.006010284240949986	-16.752752061217148
165.00154840327582	61.56561722430698	618.9695419150395
362.55199999999996
21	3
-72.27599246467786	0.0004809225960405466	0.007795663165289398
119.76043652481165	61.56307509268912	622.5363693896524
14839.799999999967
21	4
-1.0799200781231608	-0.1255816716413938	69.73702168451007
165.95545759599298	61.50930366857054	663.9922738307785
33950.202666666635
21	5
-1.1536411287647743	-0.021070247222001865	-0.3047747381651549
164.28977904807974	61.55152126803195	622.3537535223485
132.67466666666667
21	6
-254.20765310988213	0.005291365934090004	0.33749144520033725
0	61.566408976642066	622.7596207864549
145.744
21	7
-0.015522599930192551	4.9210304144118995	150.0
165.1491518615898	64.08258679467177	1000
132.67466666666667
21	8
0.03929481068733188	0.04007875564852244	-1.486180323075031
165.156197253953	61.54056846507065	623.1769245961979
366.424
21	9
-0.4230892315855612	-0.004439608298476704	-111.12763626449045
164.9145282463809	61.56065837219902	547.1664904711655
9878.22133333333
21	10
9.410525176059995	-15.0	-55.51069739769995
165.1316930360732	45.35150324785238	584.6684921418562
341.9013333333333
21	11
0.0005331568554666798	15.0	0.020848758606462722
165.1495264780853	75.09877299052646	622.5320527824382
337.208
21	12
-12.96896868423206	0.008343496189716417	-27.494433799668492
157.19388908023697	61.56779217847224	609.6093004703797
262.776
21	13
-0.4323930456804956	-11.31502473148139	-2.2235324935483503
164.98554472497216	54.791026662396675	621.0564107135359
19323.863999999994
21	14
-3.940454262894439	-0.052960677951687914	0.42077303326439375
164.69018582836352	61.64016123086977	622.6369918047792
9751.032
