51	0
-0.006228479520365392	-0.002557255112742542	0.008974887454422795	0.026083719444644035	-0.010032196395283719	-0.0002555316081566285
0.7251077591743322	0.5187316407783918	0.2619361899018871	0.07111926929069716	0.0068068565595262275	0.0033646182219650616
0.43445046663497316
51	1
0.001966805131212191	0.03222676359851254	0.010860427789273368	0.0005604052724891328	0.0072125752020356215	-0.000420634870723026
0.7229404866450805	0.536361048709492	0.26307157796255365	0.05350664624803817	0.009627225358100924	0.0031576377828709474
0.42691641415846365
51	2
-0.015944162263736964	-0.0001824427889572614	0.01069247404731222	-0.002792806013305349	-0.02267980549711941	0.0007655464996146657
0.7132416355850516	0.5200285517905125	0.26586572728695473	0.052482090561448154	0	0.0038407819755250975
0.42407530033139706
51	3
0.0037702942119663876	-0.5374971645812405	-0.010479936883624546	0.003479772792182468	0.0001872044776405264	-4.9498226437872685e-06
0.72641820714402	0.16508790833440656	0.2611509301936547	0.05589858390523736	0.004037208910629191	0.003661732780637084
0.46616892322811687
51	4
-0.0009916467791375233	0.44814092257624816	0.01855517124532055	-0.022254787376450074	-0.0035918524460240315	-0.0001626725970663375
0.7255119694158787	0.8400067222607253	0.26830304949658523	0.05396831634424906	0.0031830291289464737	0.0034618467824489955
0.5992102395672684
51	5
0.0016463509816772035	-0.0016750272511881898	0.028771058100384717	-0.004101199701415459	-0.0023146561622873745	0.0012292003569452595
0.726404042794665	0.5179221952835322	0.2289136150176696	0.05517034626351578	0.0030104208344736783	0.003915734612019957
0.4612229268450779
51	6
-0.020977054515915826	0.04445747993054905	0.14584912744019743	-0.0018847595652591812	-0.01415784989707616	0.002182180693218317
0.7125525259582386	0.5468228375790561	0.3568291189091489	0.05510607824109174	0	0.004691447572445606
0.5222833578802588
51	7
-0.3356555997716063	0.20366367075462918	0.07996806948170014	-0.023725602686582484	-0.01578578264744393	1.9632511186339654e-06
0.4942020373570607	0.6583602225270944	0.28106533868346206	0.04311604488256375	0	0.0033990234351841723
0.5807982493269674
51	8
0.00917653130639997	-0.005977766429101307	0.024588442614632923	0.0005684495327361003	-0.004479592312513275	0.0022301381632013027
0.7284886594298091	0.516390655506597	0.26487747819796825	0.05452581484077155	0.005600881608648913	0.004978598722171044
0.4773934521130104
51	9
-0.07852538594291884	7.571463560191198e-05	0.0007185184127928424	0.003199479840066144	0.000847297395639808	0.012381042756197412
0.7156498867845421	0.5190379508054149	0.2598560139902088	0.05611144183310605	0.004545024159622661	0.012381042756197412
0.7185269043851019
51	10
0.07991449398185371	-0.004679418553899797	-0.03782434038479476	-0.013063841372531547	0.002212593078396417	-0.0018761658707016865
0.648835497546741	0.5150806557423068	0.2366313229189818	0.04675742743287383	0.005682928073697935	0.0021724815883780884
0.7879487793538084
51	11
-0.004693724182577455	0.008183422227477978	0.00398516526218696	0.04562676020677385	0.005752841251967512	-0.0002453021340276209
0.7236833238710164	0.5211363934872881	0.26252398285697304	0.06047836873908165	0.0076038338594729	0.003389935083405471
0.6184187968919462
51	12
0.0013622520730984739	-0.0024255627000271183	0.01283519088813364	0.0014643151259801225	-0.009726994368999277	-9.64020652991054e-05
0.727054653361673	0.51966240419272	0.2699281551280359	0.05578512901631703	0	0.0033426598490130786
0.4200396422938112
51	13
-0.0023000112457228343	-0.0537991466642557	-0.006011462786770513	-0.10763763431291139	-0.010528977497762295	-0.00017394038502964806
0.7274834770450515	0.503890997225431	0.2611142279207992	0	0.0003075310322757305	0.003298969628878184
0.6144632673209759
51	14
-0.010290301225303316	-0.0057033377461718935	-0.018851214967427855	0.0011904719578991773	-0.008628593420411139	0.00012059888250322253
0.7414222533425565	0.5160674756567389	0.24926558440524765	0.0545208803828224	0.0014338939574448286	0.003226823174261318
0.49177391410819293
51	15
0.5526558710708761	0.3000830972819007	-0.00046640820330787864	0.14181347326709737	-0.00926563168817602	0.0008293966585121281
1.0954553193541152	0.5446600339802996	0.25998293642414916	0.14181347326709737	0.007608871172383038	0.003930045587236569
0.5188445217666684
51	16
-0.23158852280941594	-0.0015778935851560928	0.6927792588483401	0.004831670112658601	-0.005056675078666892	0.0002727139341919834
0.7160402152478258	0.5231784694859074	0.6927792588483401	0.05719144118407086	0.003927028482456986	0.002958439310621521
0.8764542781228087
51	17
0.001682755160340886	-0.00045734163896862324	0.11297881256438391	-0.00027681641001181057	-0.00010983011930236596	2.2335821383383427e-05
0.7268907957865631	0.5188947723917996	0.33991330276529463	0.054056627702088245	0.005128627110105303	0.0034122129204082765
0.42504385825115953
51	18
0.06385321976764502	-0.19455956680769032	0.0053454894485519145	-0.029006953312511546	0.002159054509275031	-2.6184942786482354e-06
0.768465694588186	0.3941800755564557	0.2625779644446336	0.03454349586427298	0.004195535564345862	0.003412601456959744
0.6051811325294666
51	19
0.0008713281726955036	-0.5778841897708431	0.05653624579555372	-0.0004840229934647977	-0.0253310012232333	0.00040997312757485855
0.7255137754183818	0.2086572074749844	0.30019593221138535	0.05341460715301737	0	0.0036517241616855845
0.5248904244497448
51	20
-0.10165687384560047	-0.00434735763160981	0.6043330087399865	-0.0027511388937008557	0.01708291450755814	-0.0009277035681005735
0.653822552812674	0.5152488135262353	0.6043330087399865	0.05400500234799319	0.01708291450755814	0.002789117569323387
0.6572611826883863
51	21
0.0006717521669392329	-0.00029083919463766486	-0.0011899600783411765	0.00017627473856250307	0.002110708653509052	-1.0924980247980222e-05
0.726641931038124	0.518760005178939	0.25951219484317856	0.05420447112565263	0.00583541166412971	0.0034071590700115147
0.4098354200702757
51	22
-0.07922917619443386	-0.005358130827087509	-0.030585228967042254	-0.01470127762503018	-0.01544618101419322	0.00017452263775062193
0.67047026689047	0.5211906893037558	0.23789656876090987	0.04769674561406411	0	0.0034241777309111663
0.45202917165594586
51	23
0.0011672380660375497	-0.0450787584266647	0.05865216053329286	0.05043626753851138	-0.006514242159918481	-0.011843669546469014
0.7269266795497588	0.48832328411489473	0.2445897191075824	0.08451539478184616	0.0022023594683961128	0
0.5470024187886396
51	24
0.15627385107437458	-0.020144271509952346	-0.00041730103791906895	0.09979995661309893	-0.011928713915910633	0.0012351539213711475
0.8280354549619311	0.5316607918053199	0.26214750813679405	0.09979995661309893	0	0.004068224680196386
0.5672582816395172
