48	0
0.0023723191368900973	-0.03358538756815096	-0.049357972298732046	-0.02777629407437355	0.04147772488718471	-0.0009668169067284956
0.728093197163462	0.5131593788761605	0.22391349955804105	0.04550378485270983	0.04147772488718471	0.0027165509868944436
0.4867542432380882
48	1
0.02201545981341455	0.1011848572621464	-0.06666158629673109	-0.007356594684143186	-0.03448980554296832	0.00027127286644085453
0.6935869884037467	0.5681850662219251	0.21053969778572318	0.057472946029168935	0	0.003338469668835958
0.6247717829693209
48	2
0.1509986314236446	-0.014535713429816917	0.009827514974202414	-0.004002382888346785	0.0004761854070603538	-0.0015826360513870835
0.7455680600419801	0.5203569253934076	0.2697629171443907	0.05696602194604415	0.013453181466204327	0.0034827555098671374
0.5645751817836077
48	3
0.01826789215316485	0.0683997672089663	0.01914458662494402	0.00014634539317172958	-0.024452512721956074	0.003369877276261173
0.7325434921622719	0.5656071232264519	0.24811603077224964	0.05504018106109136	0	0.005449835920527121
0.46616892322811687
48	4
-0.013671624474496928	-0.2042372418851896	0.007546232346819068	-0.03652270676395234	0.024203539172974308	0.002040807611566472
0.7288177622684963	0.3855264513928292	0.24487354603767947	0.07346240727076969	0.024203539172974308	0.004227677143220466
0.5992102395672684
48	5
0.006044046889478215	0.0012942874991754998	-0.09827697978546629	-0.027362727958751616	0.006501436094249342	0.007188473472749618
0.7310667820411243	0.520174378670327	0.18539338210116163	0.07473804709567872	0.006501436094249342	0.007188473472749618
0.4612229268450779
48	6
-0.039430395081204744	0.011995829547542207	0.006923059084457676	-4.1576628767616196e-05	0.009812742725763487	0.002030506923916369
0.748684663224953	0.5320182617652943	0.24936723640228325	0.05501706746842517	0.009812742725763487	0.004563761453260616
0.6977657352079856
48	7
0.17057531133591242	-0.05095924851356202	-0.20683254346193153	0.0015062637008379206	0.005830810440186122	0.00023828531495892038
0.8312557480421505	0.5114195513722535	0.11127137775305485	0.057641512482052654	0.005830810440186122	0.0032252075364333356
0.5807982493269674
48	8
0.027024243118728076	-0.0018615159066547936	0.0045110562055954775	-0.00622220827945833	0.006662297705402411	-0.0021783828455087667
0.743564149253644	0.5236740263710594	0.25512596582364916	0.052087112142819615	0.006896167025140513	0.009006460826178947
0.49739394233599343
48	9
0.1990810199127424	-0.010159438238137967	-0.005536718680521796	-0.007544683172409038	0.009877251211239259	-0.007136783349360659
0.8674185682708416	0.5207294812321326	0.25417941906060254	0.050200354465915684	0.009877251211239259	0
0.7185269043851019
48	10
-0.10111392382393092	0.013251141517049899	0.023065293949253277	0.011632438615456982	-0.026141097342182888	0.005376907786659217
0.6628389005287169	0.5266327401215524	0.31253300792161687	0.06251265747022182	0	0.005376907786659217
0.7879487793538084
48	11
0.005486777137866022	-0.03625586774763666	-0.003648943088940255	-0.18334357713180943	-0.00919314793907198	0.0008480312419782347
0.7309721121761729	0.5003326624163218	0.25140882492683114	0	0.00357595494890889	0.003910957422555811
0.6184187968919462
48	12
-0.0015742324767780017	-2.105739236757452e-05	0.010626611721620804	-0.012943488565342621	0.004798580587957438	0.0006280430778138123
0.7288150602454517	0.5237544446745046	0.24931299483330768	0.04671725710393129	0.004798580587957438	0.003560088084325504
0.5028278650326898
48	13
0.016577011786128398	-0.07203505132243523	0.04663383785050698	0.0819403497858502	-0.009498094949985773	0.0002493118245184801
0.738511185589283	0.4970333565125373	0.2689218569739501	0.0819403497858502	0.005259775420759701	0.0036888137919686434
0.6144632673209759
48	14
-0.012060261447933436	-0.04854907344045401	0.09976659952068241	0.003989903874155547	0.018774139563129538	0.0016755426843753092
0.7352273960058104	0.5273759369479989	0.30975501081202733	0.05419752149810907	0.018774139563129538	0.004402515435088722
0.6742271066140717
48	15
-0.13683378948599023	-0.13508818385705826	0.021421635864567034	-0.2538376105287312	0.02120381380475222	3.8086165456645605e-06
0.6327112816060539	0.42802020166833465	0.26158250651329396	0	0.02120381380475222	0.003197590944007415
0.5188445217666684
48	16
3.092525562256089	0.030838178964979424	-0.10382596254300686	-0.007777431796973553	-0.004440209779458505	0.0029145880633304148
3.092525562256089	0.5446632056285367	0.19506648191217946	0.05010464113661338	0	0.0029145880633304148
0.8764542781228087
48	17
-0.0017649966574676081	-0.0037037612043493025	-0.003322592224358073	-0.0001477067495090628	0.007493217491630703	-6.456683839909246e-06
0.7283193013616163	0.5213230869664501	0.2517737379359277	0.05490673068730015	0.007493217491630703	0.0033109934815317454
0.42504385825115953
48	18
-0.07920983769489323	0.11056510556903855	0.027198001975986708	0.0714736625046	-0.00800199715941152	0.00028059303655184086
0.7064586553338864	0.5851180486727476	0.2703261501982109	0.10424447622328774	0	0.0034658436212265573
0.6051811325294666
48	19
0.002569364447644468	0.24664286883405762	-0.037868446905906794	0.0033863731304669877	0.008660636100776584	0.000542381779651678
0.7248132141110416	0.6980913269190949	0.26956338502380883	0.05678401214858714	0.012444615316940372	0.003691070418289536
0.5248904244497448
48	20
0.024494706708294244	0.013307176279372309	-0.19790116836036262	2.6059089811497258e-05	-0.20750838451918696	0.0016084734140434697
0.7426139474084971	0.4935934138891797	0.12269293706908671	0.054968269920350775	0	0.004462742448681902
0.6572611826883863
48	21
-0.007367181776047062	0.0033064674403624835	0.01345568745707456	-0.005325460336047335	-0.024891464631792523	0.0002389722223688118
0.7248677702927043	0.5195456167548654	0.2627156338518565	0.05323130643143516	0	0.003453843318316986
0.42744892377024474
48	22
0.03752550516259555	0.033253361935423144	0.05681287708503942	0.01629411032224136	0.007408464903318995	-0.001091794808630215
0.755178468626367	0.5481556800832111	0.271564512745377	0.055285183162058986	0.007408464903318995	0.0025562286698288016
0.6020754564336361
48	23
0.0034671676259119483	0.07042778248923787	0.0050226711951597966	-0.020292057787184122	0.014790671240439904	0.007734811996443337
0.7322139555415365	0.559844616318478	0.2449906827782847	0.04352983295027851	0.014790671240439904	0.007794330293204471
0.5470024187886396
48	24
-0.035121345213837196	0.02032502427970306	-0.00499232408424603	-0.3610264070628412	0.004659472693805868	0.0015879391276000126
0.7047853346525619	0.5368901774043694	0.26371486651054304	0	0.004659472693805868	0.002689813549543103
0.5672582816395172
