27	0
22.399474900701975	0.07585680733317257	1.147100228661933
177.1512927819254	61.53874284573603	623.3431220060303
188.24800000000002
27	1
-0.032939030819185644	-0.07675331902623747	-4.952501137803085
165.13240537670492	61.50572432199398	610.1129687166267
132.67466666666667
27	2
-2.2721858726175617	-0.003872966316545325	-5.179576943652404
163.54767759877376	61.56076267019519	624.8121002898049
362.55199999999996
27	3
-0.1651829179968926	0.0024785952978655396	0.0034088257090315525
165.57324932964468	61.5641747167734	622.5311257977099
17245.943999999952
27	4
0.1198754081036454	-0.0005071110986443312	150.0
165.19291605312125	61.56244269519931	764.2933610178575
36356.34666666662
27	5
-0.06869409396566498	-0.022996188633257	-0.009550907385189444
165.2175887408368	61.57922933892792	622.5302991891245
132.67466666666667
27	6
-62.257745106768965	-0.003026548731409801	-0.019601838825893066
124.3285079140901	61.56431584643136	622.5068684615903
145.744
27	7
-0.02627916515821209	2.0394386811433156	-38.5574179505883
165.15624209025955	62.368036584283416	603.203699749746
132.67466666666667
27	8
-0.09478442282507572	0.0023875705005915564	0.28402695012426027
165.10951089784325	61.56153657164545	622.6844522819033
366.424
27	9
-0.8365362312285828	-9.867706548616008e-05	-53.06032398954482
164.60876043574206	61.562789948393004	585.6337904257264
13084.589333333315
27	10
22.243093130830548	-5.774858774168997	-69.1666609209951
179.41574027475477	85.22333229385222	611.7077485173165
341.9013333333333
27	11
-0.0043860113936357815	0.5843054800567422	-0.00048325241868923334
165.15220312899424	61.861396451392324	622.5317934491691
337.208
27	12
1.5675406999493773	-8.10646891634953e-05	-34.76965333947158
166.39153892071297	61.56275322839131	598.1851545515412
262.776
27	13
-0.3260899446710149	1.5672505361988605	0.15641622165898317
164.93214398042406	62.64116572708379	622.5822115544227
21730.00799999998
27	14
-5.984333690400918	0.17195964040216513	-0.015213054007486407
163.4777432588235	61.59848995511773	622.5331428904055
12157.175999999985
