18	0
0.7376684662230175	-15.0	16.331025058875674	11.831195742053342
403.2712021692252	7.836506407779943	229.09317140208478	94.19559806888839
34844.66933333334
18	1
155.54045117777667	0.890846811368599	1.4359703136341484	-0.03257627704359964
473.1380633110254	11.453412334416665	219.15264092268242	90.1395636609975
56629.53599999999
18	2
-5.273515821066116	0.02361685573466853	-7.385660167609993	0.19128099012060523
400.80557181388724	11.1098026344431	218.58560057332704	90.26808645395431
36828.39666666667
18	3
22.477585974712508	6.630079488960073	-0.03349011492761696	-2.893160004560486
416.56643118812275	11.61807040534121	221.75859453514983	88.01776376701405
37568.839333333344
18	4
450.0	-0.001443292302016037	1.8108724761644175	1.0881111208646277
531.6328824792927	11.102859332614416	222.4058914517961	87.88488906528897
36349.77133333334
18	5
73.94104082693131	-1.1550547399555295	150.0	-0.022200964059142618
399.7732197667321	10.812787411412772	394.401266132232	90.11967812172435
30840.634666666676
18	6
0.037928427772547554	0.6377963382998423	1.2752909514312596	0.015183272572389505
403.6387405397198	11.541223799031828	222.38699673255317	90.14763031222496
21832.661333333337
18	7
-0.012093911489050245	-0.7923742070016696	-150.0	0.008541452259757762
403.60656108679285	10.848816319616516	0	90.1487219972812
54476.53600000002
18	8
-200.38787825444163	7.258489487753859	-1.2705068815612721	-14.343389161638944
286.3227322215106	15.850013766559961	221.28479455521827	80.03776428031362
34018.999333333326
18	9
7.380726633385818	0.01605221216233732	13.512256388130439	0.1257724156209102
408.7790629649258	10.948891606506107	231.34907043780333	90.22379874735749
31629.32866666666
18	10
14.095584143016543	-0.1190924508879137	0.015106213238979089	0.10930672323740445
410.6315304727246	11.051760636857239	221.83839112847434	90.23715679508099
22770.82199999999
18	11
-51.91272463538246	1.022547396730879	-1.0670315591136246	1.0367412775010179
371.21088675650174	11.740657577383494	221.02133587078822	90.22247974297727
40484.41466666668
18	12
-0.04510204095011541	-0.14453899649210517	-7.576081143965922	2.831684315750609
403.5689083061352	11.286821841463306	216.42511380316284	91.75033406905916
38712.87133333335
18	13
-3.254340853265676	0.020017519111103832	-7.211660178749421	-0.01106315461429647
400.9829127297089	11.112691598246082	220.98700947938582	90.13243440745784
44912.848
18	14
0.5495974685378339	-8.166974389989427	41.768197317079576	0.2002294250554216
403.23227357971786	6.955120401829095	246.56654979603508	90.27193527336959
61484.584
