18	0
0.0	-0.18128232324935178	-1.091629033554022	21.0	-0.0022081749193989995	0.0
0.0	56.445436679960686	56.445436679960686	53.48071793129134	0.021935674040536302	0.0
27.047593254656043
18	1
0.0	-0.440049794619324	0.11712588499754847	-21.0	-0.2641370340548839	0.0
0.0	56.445436679960686	56.644902903083555	5	0	0.0
39.03468640493837
18	2
0.0	0.005305276178341389	-0.20946222872632142	21.0	-0.01620547983123328	0.0
0.0	56.57824829626152	56.90536468836845	57.914964898176464	0.029330856389797856	0.0
33.44350268833451
18	3
0.0	-0.011450416733044512	0.02849251839622751	17.393560565199767	0.0003957857396815617	0.0
0.0	56.44575976863229	56.83389826119068	45.52220914335024	0.11567728649722396	0.0
38.096548849585744
18	4
0.0	-0.015742282147833395	-0.6173937656028399	-0.3306872943083268	0.00734568776432046	0.0
0.0	56.46295747697815	56.445436679960686	38.3220073869388	0.008510681261734352	0.0
38.1694523562236
18	5
0.0	0.10082582246458036	-3.0110023614435946	-8.362526538790753	0.013364147964299087	0.0
0.0	56.546262502425265	56.445436679960686	32.31078939966546	0.013364147964299087	0.0
28.165651333059508
18	6
0.0	0.03243583048373074	-0.14053370829159498	21.0	0.041294065057130604	0.0
0.0	56.47787251044441	56.88743116665308	62.30399404274517	0.041294065057130604	0.0
39.34112620366315
18	7
0.0	0.11167101626673884	0.6390336702863653	-3.549061737610904	0.11484616281001657	0.0
0.0	56.557107696227426	57.250251925326694	35.38622130063208	0.11484616281001657	0.0
30.85607322133789
18	8
0.0	-0.1834807674506568	-1.1326247145280612	9.428510136442512	-0.013003459072687459	0.0
0.0	56.445436679960686	56.445436679960686	38.58183134415448	0.002283688194726156	0.0
24.269367149753258
18	9
0.0	0.10728373505369498	0.7266944838590881	3.1866510199162783	0.38333019299719484	0.0
0.0	56.55272041501438	57.17213116381977	39.00343974583021	0.38333019299719484	0.0
19.27537529012217
18	10
0.0	-0.10765055501293222	-3.4695853376591	-21.0	-0.11036146396741453	0.0
0.0	56.445436679960686	56.445436679960686	5	0.02763208002519643	0.0
45.159757060162576
18	11
0.0	-1.0013022861354213	-0.9625628543077172	-19.266577446481755	0.2955388617766695	0.0
0.0	56.445436679960686	56.68471343390976	32.17830514565052	0.2955388617766695	0.0
41.94938416135405
18	12
0.0	-0.19915859417243786	0.04464506967110427	-5.567360717942108	-0.07748145857325373	0.0
0.0	56.445436679960686	56.77347997939104	44.01480619151876	0.06796548183560758	0.0
51.62645893563793
18	13
0.0	0.05739920608898982	-1.44175725736428	-20.147903779908056	-0.4898032894803307	0.0
0.0	56.502835886049674	56.445436679960686	24.23498332354562	0	0.0
60.20974007308588
18	14
0.0	-0.2789446736323097	-0.4261249132395734	-15.13432683852427	0.12499561661644623	0.0
0.0	56.445436679960686	56.47581390322374	27.402500080204728	0.12499561661644623	0.0
25.940597768625928
