14	0
0.0	0.9822081646365217	-0.3797285168918787	0.584146173402492	0.09748542508871288	0.0
10.0	95.057935964571	120.3107578311576	74.47392403748539	1.9280390418862747	0.0
7.2161368459167265
14	1
0.0	-0.8533677515533475	-31.743483391724723	3.6031952744957665	2.0691198457388005	0.0
10.0	97.08398207727348	108.06059291070703	66.6202187677471	3.165839139984056	0.0
8.619738974346703
14	2
0.0	0.5148432646196339	34.36247296582751	-1.6054084404929179	1.9390739252529616	0.0
10.0	94.59057106455411	143.99606439680895	73.34326405510105	2.9460069888810683	0.0
8.23172686591151
14	3
0.0	-0.7310389828555456	-5.004773770606949	8.8790502354883	1.0488980683722455	0.0
10.0	94.07572779993448	118.55095771292103	77.83218968660407	2.1879855775237713	0.0
7.2161368459167265
14	4
0.0	-7.8274339151311425	-0.7281637701744947	6.196962824608443	0.5987017617174257	0.0
10.0	94.07572779993448	123.10187056408978	77.89587699545596	1.5289403218739341	0.0
7.363884438383039
14	5
0.0	-2.2423234738228683	1.5647768149475023	-10.49189680979818	1.9588782752469571	0.0
10.0	94.07572779993448	120.97938483028969	75.17528458850275	1.9894632465710753	0.0
10.790256172940719
14	6
0.0	-3.7892734810579256	5.452448179026593	13.5	1.9604755548499226	0.0
10.0	94.07572779993448	124.43823798947368	89.14539360078747	3.076237791404964	0.0
7.954874808248293
14	7
0.0	-0.002554158021343605	-140.3070199174819	-13.5	1.0018797153470798	0.0
10.0	94.08624104454785	94.07572779993448	62.512869007038915	1.6534392528958426	0.0
8.23172686591151
14	8
0.0	1.4924626148554745	2.6949087053477125	12.414186868055578	5.663840094094425	0.0
10.0	95.56819041478995	122.3686509102037	83.36025809427454	5.663840094094425	0.0
7.437758234616196
14	9
0.0	1.406351418540892	21.892602160661866	0.24370546323905398	0.7579643027383183	0.0
10.0	95.48207921847538	115.96832996059635	74.80895200478255	2.4420881797229628	0.0
7.2161368459167265
