49	0
-0.007865703280285881	0.013805153017285517	0.03820324952249235	0.013303336057477806	-0.0843194911757064	0.00046125382333989416
0.7202274938831761	0.5269645318934459	0.2621167490805334	0.05880712091018764	0	0.0031778048102343377
0.4867542432380882
49	1
0.030938157108273755	-0.13622395715746494	0.04860978552453105	-0.006548658570662177	0.006318532375471797	0.00029453605749120535
0.7245251455120204	0.43196110906446017	0.2591494833102542	0.05092428745850676	0.006318532375471797	0.0036330057263271633
0.6247717829693209
49	2
-0.08569946187817831	0.0012669560983977121	-0.021372384111385624	-0.008230407078271504	-0.020626972911504282	0.0002773937091487746
0.6598685981638017	0.5216238814918053	0.2483905330330051	0.04873561486777265	0	0.003760149219015912
0.4864450576917958
49	3
-0.015758611878365643	-0.12107844684331	-0.00048459612358154464	-0.004397371459740103	0.004479700330662353	-0.001751046108849869
0.7167848802839062	0.4445286763831419	0.2476314346486681	0.05064280960135126	0.004479700330662353	0.0036987898116772515
0.46616892322811687
49	4
-0.003233205774740795	0.3649103468910791	0.005348364853572881	-0.03885807484459752	-0.012866110260751977	-0.0006732625983405335
0.7255845564937554	0.7504367982839083	0.25022191089125234	0.03460433242617217	0.01133742891222233	0.0035544145448799325
0.5992102395672684
49	5
-0.017291530969991527	-0.001454356574930147	0.09768484495610694	-0.015374875694644106	-0.013019058180823845	-0.008133124020441262
0.7137752510711328	0.5187200220953969	0.2830782270572686	0.059363171401034615	0	0
0.4612229268450779
49	6
-0.04463970015544504	-0.004209815535688615	0.03925232527892911	-0.0029298813803350296	-0.012141269570463327	-0.002979794828431227
0.7040449630695079	0.5278084462296057	0.2886195616812124	0.05208718608809014	0	0.0015839666248293892
0.5222833578802588
49	7
-0.31104218045499055	0.034529618602282125	0.2998029750491331	-0.012776567608396483	-0.008455826460949795	2.5454116521672543e-05
0.52021356758716	0.5459491699745356	0.41107435280218796	0.04486494487365617	0	0.003250661652955008
0.5807982493269674
49	8
-0.03678697939719122	-0.006536111840772535	0.020892077316432837	0.0020523658894592493	-0.021516130510265352	-0.00417422086366977
0.7067771698564528	0.5171379145302869	0.276018043140082	0.054139478032278865	0	0.004832239962509178
0.4773934521130104
49	9
-0.29090450141411645	-0.0012651345260347223	0.006048068352163129	0.002977310585390604	-0.0044255837149606465	0.006089951268805421
0.5765140668567252	0.5194643467060979	0.2602274874127657	0.053177665051306285	0.005451667496278612	0.006089951268805421
0.7185269043851019
49	10
0.17952552559229	-0.021421090823422403	-0.15323539569175038	-0.030560711373066998	0.004789049033087905	-0.005888448479835242
0.8423644261210068	0.50521164929813	0.1592976122298665	0.03195194609715482	0.004789049033087905	0
0.7879487793538084
49	11
-0.011788899178584299	0.0199150498953781	0.008307981926917127	0.18162429540070613	-0.006027290582252173	-0.0011295210163639817
0.7191832129975886	0.5202477123116999	0.25971680685374826	0.18162429540070613	0	0.0027814364061918293
0.6184187968919462
49	12
-0.0017871549615449908	-0.0009530966831916682	0.039400518886577	0.016449800668116136	-0.002364517926854399	-0.000195631368658909
0.7270279052839067	0.522801347991313	0.2887135137198847	0.06316705777204742	0.0024340626611030394	0.003364456715666595
0.46154766762392724
49	13
-0.014974561846891297	0.08340649893280531	-0.015238617004154856	-0.08271376680111905	-0.013703620381992961	-0.00017490301997731344
0.7235366237423917	0.5804398554453426	0.25368323996979525	0	0	0.00351391077199133
0.6144632673209759
49	14
-0.02565803557706457	-0.0067696351416579904	-0.04859707434575175	-0.002997185051390811	-0.033523431684636215	-0.0007538952783548902
0.7095693604287459	0.5206063018063409	0.2611579364662756	0.05120033644671826	0	0.0036486201567338316
0.6690640110971366
49	15
0.18626212986848859	0.2071821249817585	-0.0005048140836244634	0.10550944376589416	-0.047265092442416	0.0003390094286965894
0.8189734114745425	0.6352023266500931	0.2610776924296695	0.10550944376589416	0	0.0035366003727040044
0.5188445217666684
49	16
-2.7053041162198737	-0.012157119133350932	0.19851162833982977	0.002453624812533273	0.0008134464315967981	0.0010652709433317826
0.38722144603621533	0.5325060864951857	0.39357811025200923	0.05255826594914665	0.0008134464315967981	0.003979859006662197
0.8764542781228087
49	17
-0.010040971226454988	0.0003840263698024601	0.03157335618937305	-0.0006776557462610921	-0.0027097887201972246	9.457076113507087e-05
0.7182783301351613	0.5217071133362526	0.2833470941253008	0.054229074941039054	0.004783428771433479	0.003405564242666816
0.42504385825115953
49	18
0.03206357965709001	-0.14025414869038896	-0.018112107514606027	-0.04907268421249944	0.0014659658796041905	-5.181390891605918e-05
0.7385222349909765	0.44486389998235865	0.25221404268360487	0.0551717920107883	0.0014659658796041905	0.003414029712310498
0.6051811325294666
49	19
-0.0003021383138916289	-0.33164750418561323	0.0022140558090585167	-0.008899656237319798	-0.04096386254713577	-0.00012651617907233608
0.72451107579715	0.3664438227334817	0.27177744083286737	0.04788435591126734	0	0.0035645542392172
0.5248904244497448
49	20
-0.03969237026806896	0.005184926845990625	0.46817122176005344	-0.0043793730489212306	0.038015536043915055	-0.000471803566694346
0.7029215771404281	0.49877834073517036	0.5908641588291401	0.05058889687142955	0.038015536043915055	0.003990938881987556
0.6572611826883863
49	21
0.0013496677013718219	-0.0006057448350744069	-0.0024650819421360593	0.0009756243335638718	0.00456011632054439	-4.377971113796632e-05
0.7262174379940761	0.5189398719197911	0.2602505519097204	0.05420693076499903	0.00456011632054439	0.0034100636071790194
0.4141173914796841
49	22
-0.042019908316051874	-0.046636578953121864	-0.03760718781632237	-0.006023973345515146	-0.010528315293835567	0.0008676324128781133
0.7131585603103151	0.5015191011300892	0.23395732492905463	0.04926120981654384	0	0.003423861082706915
0.46895244666170455
49	23
-0.003205517978551961	-0.13279001170188506	0.054707834967809954	0.018593107841323866	-0.03131461541026871	-0.005579173358366742
0.7290084375629845	0.42705460461659295	0.2996985177460947	0.06212294079160238	0	0.0022151569348377283
0.5470024187886396
49	24
0.0696387460490797	-0.047025210716532706	-0.0008156483224532406	0.19234227398225212	-0.00693713007045135	0.0009940786554341922
0.7744240807016416	0.4898649666878367	0.2628992181880898	0.19234227398225212	0	0.003683892204977295
0.5672582816395172
