28	0
0.005956981971293046	0.06327107519617203	-0.9962620828470664	0.008712714348603755	-0.05607427943472453	-0.012135321089243239
0.6608432809178897	0.46235017625031505	0	0.008712714348603755	0.06354207343255963	0.030346663640395195
3.6886516148539608
28	1
0.149387970059667	-0.007513168811072857	0.2632480890982347	-0.026378952983735743	0.11419565798968148	0.09706815961975758
0.7399360102509845	0.4558141710048909	0.2998473891144027	0	0.11419565798968148	0.09706815961975758
5.329398489302109
28	2
0.002577651630323126	-0.040454660929412425	-0.014921758677725473	0.008959447801554154	-0.02814240343351755	-0.0016756608949925916
0.6606851707266318	0.4251915205386948	0.1679867890358952	0.008959447801554154	0.04337566837110644	0.037388461941954325
1.5442050487070726
28	3
-0.013003949750909564	-0.9752702268407503	0.025239882374062526	0.0018705039964830464	-0.09559236972061849	0.02187702906251506
0.6529170797410395	0.0048010912570377595	0.19445793846245743	0.0018705039964830464	0.0032262805160040847	0.04915299104123412
2.8401471429966043
28	4
-0.2142647132545084	-0.6710967196295332	-0.016197822188665074	0.009924923194468648	0.10489804658483702	-0.0049322211764818834
0.5497304989657705	0.6387692427256373	0.1715059652704614	0.009924923194468648	0.10489804658483702	0.03721662682876929
7.748977904883732
28	5
0.06514027246664754	-0.012870290232731093	0.007918760882641913	0.005211989052664165	-0.04960151972167928	0.02706972488819734
0.6824513856546445	0.4609982862508485	0.17503128667277848	0.005211989052664165	0.051829577764004	0.04300772140761246
2.2894873220271936
28	6
-0.21258073882238998	1.115079078229443	-0.07983122970606683	0.0037740792482205245	0.049168962386098844	0.10138274023366334
0.541538213722554	1.115079078229443	0.12962264355911246	0.0037740792482205245	0.049168962386098844	0.10138274023366334
3.9127290201123746
28	7
0.27327219279028897	-0.04291018217471898	0.050330675070227225	-0.015414785681002767	0.03290138951210278	0.002346778267494908
0.8015847986367024	0.4222332788389043	0.2054567510114874	0	0.06041585941741209	0.04004221145271159
1.999792612281211
28	8
0.0064371472359239425	0.2622388114360999	-0.03390230432160135	0.0007507360083996523	0.022290273139795334	-0.31233303587329336
0.6492699766581194	0.6073648568520524	0.15426417403604406	0.0010632212317287595	0.027246602196415996	0
3.4372644923633455
28	9
-0.003827900033498679	0.136162228255194	-0.013046599422370925	0.014056931907210825	-0.05194113247936688	0.055847890702653204
0.6573459738868676	0.5224565273243421	0.18149302493553365	0.014056931907210825	0.018979221774086508	0.07440936191477356
1.7027427256955872
28	10
-2.160747132896531	0.36615607602819955	-0.5797966979729389	0.0009495830915596641	-0.02804947271186183	-0.0014408173590809187
0	0.41998379134773967	0	0.003451532630060647	0.03207320990406361	0.04124446790439902
11.196179213715073
28	11
0.17611035523026125	-0.5338827332716806	-0.013796297115023271	0.010888019980226425	-0.31331892903359704	-0.16897811794022055
0.644453410152973	0.18665095835475332	0.16925056436221933	0.010888019980226425	0	0
5.304666028252168
28	12
0.001371219623338487	-0.006644524042347955	-0.022222303750337936	-0.0445745987646602	-0.03212568090072822	-4.1232025775137546e-05
0.6593180414975873	0.4561180226125159	0.16404311053098042	0	0.03471119049846759	0.038732310614731015
1.2316935522196717
28	13
0.31786014902906057	-0.042066456863898455	-0.014494619525935268	0.007156388636267619	-0.04592038109484446	-0.004477719670157248
0.7848526357343951	0.4229266807516038	0.17044417080521895	0.007156388636267619	0.0661599361739667	0.043694594070656984
3.6868105117240733
28	14
0.0002465532628177825	0.0035646516856693397	0.002361955571790557	0.003170685645019517	0.0076474230636188354	0.006351876759907481
0.6609487006779674	0.4525034510124153	0.17928105300928315	0.003170685645019517	0.04705205173850086	0.04473747163501604
1.0407208968664434
28	15
-0.4444724398850781	-0.033914809308277026	-0.008667469198199843	0.005055711365112424	-0.0643413146172188	-0.11356380959136961
0.3556210643421355	0.4484034269937089	0.17759487789423717	0.005055711365112424	0.014659376357081325	0.017649404034110444
5.212818121197011
28	16
0.15965343045686	-0.013074536220977827	0.03243226641094544	0.009066548259726434	0.03977382553792098	-0.05045622683624203
0.7511998590896867	0.4630687136703508	0.19206549671179904	0.009066548259726434	0.07114678121020074	0.013024179822020879
2.392262349261975
28	17
-1.6497526113053371	-0.014181088059940351	-6.277751882976889e-05	0.012659659174827238	0.24772330628970915	-0.030747429139863267
0.08281107363024853	0.4467607499824563	0.18379079196533668	0.012659659174827238	0.24772330628970915	0.023339731608416958
2.9941892912817587
28	18
-0.07239220812485794	-0.026772848550316294	0.09115989008566021	0.0009369056251954189	-0.14161549824958428	0.008124189306407367
0.6038457542155623	0.43830408716637986	0.22635844577390302	0.0015647582877962628	0	0.03966843794995215
2.035890986366355
28	19
0.09159755665013951	0.035744134528353594	-0.027155794284357777	-0.0024505339071849417	0.17162036310689335	-0.01903770616610421
0.6419484579896686	0.45915880867207826	0.1606087366225233	0.006943784939175789	0.17162036310689335	0.028347816775377236
2.03497240350938
28	20
-0.1281533043364572	0.06378978964131347	0.08491715883758694	-0.0352629846789823	0.14411993367933862	-0.0627792321957023
0.6108983111524743	0.49816868966506556	0.23656958036657466	0	0.14411993367933862	0.005392311810674788
2.2060025817707882
28	21
-0.01527856278278511	-0.02279381536469643	0.03559754877464825	-0.017231328982849355	-0.0203152657811737	-0.2683389560871946
0.6540355646594951	0.43833804083138234	0.23147218576751324	0	0.059698909057070156	0
2.9739622366791933
28	22
-0.747642100273369	0.025346557364816252	-0.025660386651663442	-0.03639362711966114	0.23645439690237188	0.0012109878466337741
0.16468307420248574	0.4633828543315941	0.1601869069897297	0	0.23645439690237188	0.038202247769695476
4.727669501268038
28	23
0.06917935766602196	-0.021358544334868005	0.02259695178950851	0.008056545971891723	-0.14228240548188448	-0.014439923874724921
0.706084308841292	0.4434949141436292	0.1645133841841773	0.008056545971891723	0	0.057379370473111396
2.8507737846888657
28	24
-3.9376998989928125	0.0038538781865275823	0.2561283408447923	0.005843212614275712	-0.18366857572374082	-0.06702042026607687
0	0.4542130303877948	0.2561283408447923	0.005843212614275712	0	0
11.143146389384635
