25	0
-1.9373250603517942	-6.833160317654182e-05	-3.3779652186672062	0.08222699319542795	0.4762922927964102	1.3900857286954822
12.82534174133873	10	2083.363228761648	46.11389794627956	75.28095336974594	206.0783101296251
3585.883926704091
25	1
0.004843366268209032	0.00010206706647295692	0.6226850248077126	-0.1652603223208426	3.8135661244576555	0.2841722430962638
13.847740886952087	10.000102067066473	2082.937426882172	46.66695574186001	77.27807186797362	206.22161985111543
3482.06188661352
25	2
0.5515269353811726	0.00011919803690684187	0.07738251831913796	0.29972930655116453	14.25	-0.002384586088615524
14.222023946375613	10.000119198036908	2082.568343263662	46.81439444008422	100	206.06161187890638
3704.235567424734
25	3
-0.02379609275115449	4.8672030193106856e-05	-82.6168511608459	-0.05512921809472639	-0.05621045536375057	-0.11771193121090545
13.85207071362136	10.000048672030193	2189.31427666454	46.693883668287484	74.95181788530861	206.00465659330362
3375.2006603057052
25	4
-0.4081510698858692	7.34532725076737e-05	-49.66862146864985	-0.0031582097980637205	0.14912918666563635	1.1344846233701724
13.581617267537073	10.000073453272508	2118.116750302468	46.71085733161052	74.92925897486441	206.65903884720248
3491.7959788567514
25	5
-0.011620929526164246	1.0288819358947917e-05	85.45331809715304	0.7800279920187291	14.25	-0.25472350511988556
13.888119127337092	10.00001028881936	1477.534085347199	46.83892434024867	100	205.95551740099938
3313.060249562327
25	6
0.002153709150389507	-0.0003245661440820621	170.1190071100802	0.009027896553550858	0.135494708633992	-0.553748127179582
13.846230133504699	10	1918.0482426289948	46.70675878865082	75.00620007159378	205.72569385283057
3325.7348485516645
25	7
0.026207723619240238	-0.0001425360278077848	-0.005403518600687463	0.045424117984066904	0.013562613646697457	0.225592172926554
13.854614591157217	10	2082.5231094539317	46.67644880973516	74.97066038064294	206.18461765248924
3409.8649468205954
25	8
-0.002658737711847108	-0.007738149080746	-25.50854266683271	0.0006460470383407785	0.07157710106565725	-0.2586401363953518
13.849741784679294	10	2100.693781047309	46.713748330795056	75.02140304126982	205.88443508639372
3257.6996768868066
25	9
0.0006047240869678606	2.5840964703277074e-05	-0.11446443405846332	0.1944452902313556	-6.114968925000877	0.12481520633525797
13.847124155198015	10.000025840964703	2082.602470787593	46.826591632444966	87.15906158536234	206.10557492945412
3531.2683250698974
25	10
1.2847501188703512	-7.413487540869671e-05	1.4297017444534537	0.03508174174828605	-1.5718591232145371	0.008919095960055246
14.560983861755128	10	2083.4134286513563	46.737897034878756	73.91359585768427	206.07191520769302
3419.1209904720736
25	11
-1.5735183598898537	-8.04057649492759e-06	6.529965600668026	-0.5355104748931292	0.019212814795018802	0.39585236687462033
13.621508857685301	10.000005868867307	2076.472826975594	46.554691546189346	74.97847617231875	205.68525034417794
3448.225229584805
25	12
0.004817443394484294	-6.793142540247415e-05	26.43176807305324	0.14234955141620453	0.0064594563406633184	-0.0033474035536467553
13.850129302987376	10.000157678868598	2100.0036219772483	46.79581205106544	74.98089793549745	206.06107931752624
3389.4609849293247
25	13
0.027769845024654398	0.00018304141535818372	-3.6683970208121552	0.00034258082494922383	-0.03898011004044385	0.09015151185220414
13.846623983295382	10.000183041415358	2080.289729900073	46.71314376768396	74.96618596223806	206.11410558601582
3488.370564011225
25	14
0.2304297250622284	8.42035607672653e-05	-1.1565672990907858	4.872256886505374	-0.1540777868264121	-1.3751754213027476
14.004461077437993	10.000084203560768	2081.724771550674	50.07643450344752	75.0057832862336	205.1038798553258
3643.2372475997663
25	15
0.002682284372777952	7.179952373576708e-05	7.951315043754333	0.0024177449306360425	-1.2639602708268547	-0.2711219089549983
13.848429009313637	10.000071799523736	2086.5878349834384	46.71454948843491	74.68495269062427	206.06505216007773
3526.468297483829
25	16
-0.04843624213718498	-0.000196928111279996	-0.029069750247052925	-0.01584567548605391	-14.25	0.002670802335645848
13.823977522071722	10	2082.5108062003023	46.7358586963099	49.28714823778155	206.06385088961346
3477.1355789632034
25	17
-0.0013187625690177138	-1.0085660349806421e-05	-224.03009765879315	0.009559897258502618	-6.3828032966817165	-0.0004614347324620291
13.846409339121577	10	1957.020758009824	46.72048869374614	73.31649885787415	206.06195049231889
3595.383684081601
25	18
-0.00010038875204977556	5.9409149583639e-06	-0.39320712781790396	-0.004961204851481445	0.010748936374333185	-0.0008416114193592523
13.846805592213542	10.000005940914958	2082.6079533127354	46.71006211463628	74.96462917350863	206.06273921851675
3187.208898221246
25	19
-6.356829682075909e-05	2.2638780209014236e-05	-4.5749545846258535	-0.7467627171010605	-0.00177741187051668	0.30006687821305594
13.846743929192776	10.000022638780209	2080.1869061514003	46.58353561406041	74.98081375732782	206.25821425312765
3578.1031873681845
