4	0
21.0	23.901309520811072	447.0	12.0	11.820541227170024	-7.5
150	120.38152476181564	2566.9252052106813	90	95.40709866124695	220.49066614020953
6400.0
4	1
0.3672007262932581	0.8097121022444818	-286.25271359654	12.0	3.1736627700839657	-7.5
118.23750637741153	108.76487748375389	1335.6781474687186	64.6908963368252	92.66146424052512	219.19156389303814
1329.041446678145
4	2
-6.200688958648128	-28.54522282636168	447.0	-10.800742005454648	14.25	-2.0837911091305457
113.15596677766483	94.05823477512955	1577.971313711041	49.365699743656705	100	223.92903680647774
4609.417055014632
4	3
12.006414701927579	6.5827181600347195	447.0	-0.037800793054648923	-0.9838061173730552	-3.0915346276880444
123.15157056855466	39.48609919683457	1204.7409906684002	56.35910756954562	90.67264077402574	223.55809913537993
5787.905283645187
4	4
-0.5076881668348682	-17.388032438953942	40.19267181791702	-8.523584681302134	12.375860885006091	2.57620065715762
117.87229417880135	103.76026471173532	1459.757119669609	56.82437495542215	97.49674527354146	224.97281792221588
1757.2369616796684
