31	0
2.8854400383446484	0.07586392737890749	-5.20062126466995	-0.020096301952443493	-0.0011646927894546873	-0.004886526490354631
150	16.17414340354453	442.41953396145425	70.34403103757887	80.22477884503282	244.437857660999
1207.291074567215
31	1
3.5874748018700816e-05	0.0014076708201374898	255.79197796733774	-3.1591912942678566	0.0019365007694197803	-0.0907685557016141
149.36557062549247	16.123078970370806	613.7938846371578	69.02664508924059	80.22606776100609	244.37097883846272
1180.5415774965318
31	2
-0.3575804665907411	0.5093325472836723	-447.0	0.6010102389852046	-0.04515789259433	0.0015778002111699798
149.11517652580034	16.415652453519048	158.29948803869127	70.62939984306624	80.21877923650489	244.44152695396787
1189.925205263952
31	3
-0.004892151336915757	0.00048433652613891	-4.44698218403743	0.06349145558037778	0.0014271963733714552	-0.009432184408231833
149.3632452096977	16.126054975926657	442.6097321112425	70.37843207641643	80.22582089290161	244.43602780211643
1180.7291295341959
31	4
0.00457104352525981	-33.725507549536495	-36.67318052023606	2.5903357357695956e-07	0.026918788753807415	-0.005158037949906282
149.36804172614126	10	436.2772727529632	70.34886572773038	80.22778413191625	244.42496170412642
1251.6589808912258
