21	0
0.0	0.020451106177195803	0.028048761014248847	-8.909999152726146	-0.021768127049704655	0.0
0.0	56.465887786137884	56.73693696147732	39.08727970438811	0	0.0
27.047593254656043
21	1
0.0	0.026255076173932513	-0.27548842229889325	18.38383203685552	0.028357959012274458	0.0
0.0	56.47169175613462	56.58659280738055	49.33366883868828	0.028357959012274458	0.0
39.03468640493837
21	2
0.0	-0.10080793159951038	-0.22303145147222414	-12.556973157713884	-0.01246629635924418	0.0
0.0	56.445436679960686	56.62657609564247	31.46743760635748	0	0.0
33.44350268833451
21	3
0.0	-0.00045396601126216073	-0.16030653517878202	-21.0	-0.052730283583648174	0.0
0.0	56.445436679960686	56.81400556374203	6.046475206211092	0	0.0
38.04468604399741
21	4
0.0	-0.01681825152859054	-0.05365810643439027	-2.4710181678434475	-0.0033718093751050546	0.0
0.0	56.445436679960686	56.81105886782117	35.82210622409447	0.00034818919935656256	0.0
35.60707624446235
21	5
0.0	-0.1856582033235431	0.9887905100341614	21.0	-0.017161044985543158	0.0
0.0	56.445436679960686	57.43422718999485	65.01247613776565	0	0.0
28.165651333059508
21	6
0.0	-0.02324471461125499	-0.09041113084419525	-19.99759478860032	-0.012421464593156361	0.0
0.0	56.445436679960686	56.73658426281304	30.369190974141713	0	0.0
39.34112620366315
21	7
0.0	-0.06252719777207165	-0.16670208052586188	-2.9834298214734942	-0.18222687865084747	0.0
0.0	56.448545025368176	56.64942831933665	35.69155270932791	0	0.0
30.85607322133789
21	8
0.0	0.007699555240249582	0.5106332506219649	-1.9477807512941767	0.000669188721735959	0.0
0.0	56.45313623520094	56.95606993058265	37.33140503959008	0.000669188721735959	0.0
24.269367149753258
21	9
0.0	-0.0425521888504124	-0.6294883338105922	-5.719871883217595	-0.3268188883771089	0.0
0.0	56.44592594547559	56.845382750652256	33.270336509262954	0	0.0
19.27537529012217
21	10
0.0	0.010452057985715697	0.4443127018965684	-21.0	-0.010856436395185142	0.0
0.0	56.4558887379464	56.88974938185726	31.511693489242553	0	0.0
45.159757060162576
21	11
0.0	-0.2536772181172084	0.9425243769107744	2.3672929050132057	-0.017887782061623673	0.0
0.0	56.445436679960686	57.38796105687146	38.873098809161284	0.015318718664146035	0.0
41.94938416135405
21	12
0.0	0.0026975291353808803	-0.054058348553454594	-5.029389973004545	-0.054757096221610096	0.0
0.0	56.45031149370102	56.69422950567669	34.98644057343732	0	0.0
51.62645893563793
21	13
0.0	-0.007698207440052935	1.0750061902164547	21.0	0.05148148862490083	0.0
0.0	56.46224309554229	57.52044287017714	30.241453641611457	0.05148148862490083	0.0
60.20974007308588
21	14
0.0	0.0093080437177731	0.042828080183084344	-1.3948375544267613	-0.08564141236432513	0.0
0.0	56.45483151537896	56.77039814554432	39.859655737182834	0	0.0
25.940597768625928
