18	0
2.5554214884115383	12.238607137579212	6.087829212825701	2.033889031813914	-0.42518981086114116	-1.3277770474265924
36.75963511480145	12.238607137579212	22.96348340325825	31.8058888593099	29.25209830460096	65.25660594960324
283088246.74924266
18	1
4.644151984207749	-72.15480277765322	-79.31997534259	-2.548372033364168	-0.16595203360005056	-2.3148781181476092
35.14170985656791	0	0	31.00194301677969	30.41714788992548	63.853001479575944
530110226.9605567
18	2
-219.32997556032217	4.86025943182416	-174.6618476629577	-3.8966496752728257	-0.10886897559900767	-0.1536693769591646
0	6.983153300038934	0	28.175143546812443	29.949493104801757	65.72185092634395
863500973.29115
18	3
1.9124072694666374	-63.508985906627835	16.485440157872798	-1.828096820890799	-11.578256627520199	-14.61510132308956
35.43724788488693	0	27.45387152525548	33.22778131275398	25.373291145042167	58.9081581604171
500625103.8706183
18	4
2.123363674326348	-76.88797729654	-2.059205923311976	-12.225572992491665	1.3517092858136597	7.986420557912669
35.01027521885874	0	19.146342116929727	26.050788427270376	30.037643474603147	68.36692096387593
508384126.8452367
