15	0
0.0	-0.0304911860242357	-0.7364163761153129	21.0	-0.15930026340794445	0.0
0.0	56.62783135484085	57.530688906585965	57.65308381849057	0.36931018261753057	0.0
32.719772133822076
15	1
0.0	0.48932687775787304	-1.2421529681474253	21.0	0.40064976665179586	0.0
0.0	56.93476355771856	56.90431805053889	57.00610273027458	0.40064976665179586	0.0
39.03468640493837
15	2
0.0	-1.0017405831631774	0.40147185810429914	21.0	0.17261963279405795	0.0
0.0	56.445436679960686	58.02479139065997	49.705531244683996	0.17261963279405795	0.0
35.33870252240143
15	3
0.0	-0.35224238080641707	-2.060701509883603	21.0	0.8832867865860308	0.0
0.0	56.67229612425007	56.64752700063282	62.00015754331052	0.8832867865860308	0.0
59.42200771456046
15	4
0.0	-0.12106800808504124	-0.7541296593384358	21.0	0.47220099189173637	0.0
0.0	56.54643019789988	57.685426362235376	63.33384749045746	0.47220099189173637	0.0
38.1694523562236
15	5
0.0	-0.9992711654227324	-0.03411960814058268	21.0	0.2823585738739085	0.0
0.0	56.445436679960686	57.79048939630296	47.38711133108285	0.2823585738739085	0.0
28.165651333059508
15	6
0.0	-0.4902230423035474	0.24126189718380486	21.0	-0.4867810426475797	0.0
0.0	56.445436679960686	57.850400040485205	67.05018748332927	0	0.0
39.34112620366315
15	7
0.0	-1.2285177051717524	-4.288302043043316	21.0	0.5504995323702402	0.0
0.0	56.445436679960686	56.445436679960686	38.29089816601184	0.5504995323702402	0.0
30.85607322133789
15	8
0.0	0.0018252251068516883	-0.2408299720896495	-3.8472	0.015891254456136785	0.0
0.0	56.6366688184488	57.51918079132982	26.024086945152284	0.12518381343526078	0.0
24.269367149753258
15	9
0.0	-1.0875459406953232	-1.385756934030484	21.0	-3.5194552526934118	0.0
0.0	56.445436679960686	56.730994229404516	37.25672262449243	0	0.0
45.21770907125902
15	10
0.0	-0.13159131133252658	-2.1934507688700604	21.0	-0.4028423758139845	0.0
0.0	56.57673906775001	60.497274634993126	55.68700798170394	0.35096141815423176	0.0
45.159757060162576
15	11
0.0	0.5488152424924344	-4.659710338806704	21.0	-2.955904289775529	0.0
0.0	56.99425192245312	56.445436679960686	53.267744266012436	0	0.0
76.0057257732756
15	12
0.0	-0.013104849154305157	-1.6256831950979997	21.0	0.3132228348168947	0.0
0.0	56.64448186143276	57.05859273244627	64.32787788896654	0.3132228348168947	0.0
72.74163474730315
15	13
0.0	-1.2308648979761312	0.6324067704472566	21.0	-1.3932046619158696	0.0
0.0	56.445436679960686	58.09903882101406	37.785473259688075	0	0.0
71.84722561890976
15	14
0.0	-0.0070285672809619676	-1.141330965283507	21.0	-1.508398147325622	0.0
0.0	56.63547410242417	57.1711598656936	34.88694415014089	0	0.0
25.940597768625928
