23	0
0.8939981704572844	0.028425382315468102	96.27830277099771	0.044641500188278775	-0.00591491634626841	0.07971713542590607
149.75979712547678	16.128476608234084	510.38308616735657	70.30981671424776	80.22112382105317	244.49450980384447
1207.291074567215
23	1
0.00776372156319969	-1.5427315084586184	9.527966179969503	1.8247952589482508	0.007986006756361463	0.030533101172600385
149.36616837354816	16.90007583324957	452.1442933625413	71.51244411566337	80.2245415124816	244.52164704261696
1180.5415774965318
23	2
-1.5639022824032427	-0.8346927010843902	-135.81186049553398	-1.8369268088125887	-0.26402659507197224	0.07705850545017139
148.43609771759677	15.714916725926136	351.77500749796206	69.0464698257891	80.41532689072484	244.4361358414718
1189.925205263952
23	3
-0.06274824025637947	0.07916255974728023	-0.563382044893266	-0.011700342312063544	0.003939860840989867	-0.15624603972060405
149.35228197717436	16.152851804730332	444.2249970431042	70.36175040898279	80.21625804403016	244.38968737657777
1216.9493776571376
23	4
0.2207752432843342	-9.533929680615843	-93.29095728149743	0.00019015826798862793	-0.03480807568969468	-0.5210216659197917
149.36654895230606	11.011365622218749	380.84628328894064	70.3489508526016	80.20604492140454	244.17917283130743
1276.2403646864877
