53	0
-0.0018252242562774913	-0.0002841443101249927	0.001188270026832915	0.014734969136608348	-0.001681699037689178	-0.0001134512983120393
0.7244235923661857	0.5189159856049212	0.26148026054706974	0.08107570102504673	0.006963055901453026	0.003297980314267317
0.3899796030972847
53	1
-0.0022461026025964014	0.030412706043156705	0.003936178228819975	-0.07647698264065529	-0.0035889417304110806	-0.0005061670270815321
0.7238053810303032	0.5223071181654271	0.2622030724642236	0.025377413158279447	0.004584301519356623	0.003004629030878115
0.42691641415846365
53	2
-0.0675531476574139	0.0039273439776391335	0.015222602789832996	0.01867523533072181	-0.008702039121023944	0.0009044959315382751
0.6794413518856801	0.52039070645737	0.2725724720324609	0.08290296313946734	0.0031076882947919816	0.0040217480651417396
0.42407530033139706
53	3
0.0018406521946691002	-0.31653098429919835	-0.010312201345464459	0.0020692002727244175	-0.0013815527526146124	0.0013277928347111018
0.723647906653771	0.4287350535041864	0.2551683283589066	0.0716769581868834	0.006630152706661818	0.004138174907291606
0.46616892322811687
53	4
-0.0012124748161595278	0.18025749844028277	0.004997022730331936	0.016373644298581645	0.002791765462338225	0.00010948419588805947
0.7244737961521504	0.613943696201976	0.26566185485201166	0.07670713161137363	0.008273317574093894	0.0034257442242020234
0.5992102395672684
53	5
0.006973699039229072	-0.0032124904820941803	-0.01581610627295718	-0.07673234175765553	-0.0013796642487980725	0.0019718058119891344
0.7289713564307106	0.5165062295396885	0.28931467213763973	0.026177848056274156	0.009018047472624885	0.0039043883147305636
0.4612229268450779
53	6
-0.029884580948920242	-0.03550291643585167	0.04013809734763754	-0.04173031419401451	-0.010718962092699673	0.00043141995794532343
0.7230869539527087	0.50164956327203	0.2795414790335813	0.04110513341251686	0.005662150893584465	0.003034467737856154
0.5222833578802588
53	7
-0.2847599318895674	-0.2809374092290116	0.020864719712520984	-0.10351313493375898	-0.013109827198944352	2.629271828768734e-05
0.614473125440285	0.3393753533076475	0.2504297339085029	0.005082357832001491	0.008764313658900721	0.0033522486771181085
0.5807982493269674
53	8
0.00013025868265534595	-0.018313404481440285	0.005154031724013294	-0.006146269533868787	-0.0018631237197609706	0.0034037765199373704
0.7254509045049994	0.5065131141223468	0.2576044430635622	0.07412689307052696	0.005780704316686513	0.0034037765199373704
0.4169808641285463
53	9
-0.007741484728142095	0.0001140141308388874	0.0011972291553033968	-0.021207562597198325	-0.0029876262387569567	0.01165716193555706
0.7256015195865573	0.5187649304503097	0.2615926497665595	0.055984211402377464	0.006974409043102944	0.01165716193555706
0.40999872424017286
53	10
0.07274554236626596	-0.0033679325167636875	0.004401135465742856	-0.02789175848312885	0.0008020531192300095	-0.003464249403799365
0.7672853564009408	0.516617153806688	0.25732353497204224	0.08974166616027808	0.007254307857693559	0.0012930011002940454
0.7879487793538084
53	11
-0.001851306317154022	0.0028816323053887415	0.0032875429482559764	0.05967094122757202	0.004305054853133073	-0.00010046800131582203
0.7258292751834388	0.5203503958741815	0.2634735815294985	0.11212840501796709	0.00894152209406291	0.0033033764470206486
0.4004733513711167
53	12
0.0036219455644484278	0.0031630674256295497	-0.0029475148013113853	-0.0022062275902634074	-0.05177901039236987	-3.4429701922141445e-06
0.72774455072625	0.5203580008139179	0.2615948848640575	0.06770621434062865	0	0.0033601242279324337
0.4117909001687024
53	13
0.013669000043501005	-0.014647331027565498	-0.004720886993250273	-0.03634684628329581	-0.014264213014844672	-4.267222395387251e-06
0.7346375579725529	0.5108019077509076	0.26010669645948165	0.04535669859165584	0.00843361644822951	0.003356910889747187
0.4450812086735206
53	14
0.1028971649456507	-0.0007573433934870853	-0.027823249941845846	-0.008240570582127947	-0.005586828072797158	-0.00024404362353481346
0.795589267724137	0.5190560342609843	0.2424191433721141	0.07994883179471617	0.004235853268642192	0.0033756685308800726
0.4837002501325966
53	15
1.5617190327717647	0.07012312939159726	-0.0010109600593986652	0.002053948087256242	-0.0012003219087386489	3.9088351849265105e-05
1.5617190327717647	0.5078972514009816	0.2618456384038594	0.08408528400695052	0.007148793966357545	0.0034241678828231714
0.5188445217666684
53	16
-0.0948388896671805	0.0010642308216872462	-0.2244427358483026	-0.0007450876759752527	-0.010028735006272146	-6.966425460065229e-05
0.6745973243722171	0.51859722171551	0.21087895043678845	0.06762146255267075	0.003265413309962953	0.003293047787747095
0.8764542781228087
53	17
0.003670674720952297	0.000131419055720353	0.019122414924216825	-0.014143196167511774	-0.0017320021861503116	5.565017985850568e-05
0.7261890480872077	0.5186903964053244	0.2568742096256532	0.08762652139451915	0.006971240745638322	0.003397215866940557
0.42504385825115953
53	18
0.12473555127488686	-0.7476772064141223	0.0003753945148211423	-0.019283123536545408	0.0010766987511645295	8.070168162355759e-05
0.7461912090445694	0.010477966133635941	0.26131304726847643	0.05710390587460672	0.006854596985100792	0.0033888452948306284
0.6051811325294666
53	19
0.0016385640658130507	-0.07771413769572555	0.07828802756255036	-0.022100668422830837	-0.004577088885235322	0.00020211876704773278
0.7259881703719406	0.46042237402689157	0.3057832878426972	0.05882298912272287	0.004414692065457704	0.0028880980712318607
0.5248904244497448
53	20
-0.12583725766034365	-0.005643852148328356	0.051523955917075835	0.00409121014443463	0.011020033570701188	-0.0009096235887535533
0.7014274511268905	0.5213676004437631	0.3700680293014801	0.07204882447991647	0.011020033570701188	0.003501562955048745
0.6572611826883863
53	21
0.0047706303843135945	-6.957797069856271e-05	-0.011933354843449592	-0.06731014509023525	-0.0010142288610060887	-8.311424281090129e-07
0.7282320249182517	0.5186879800273037	0.25485585811455425	0.025805847089585776	0.0062749364416122815	0.0033753573150835567
0.4098354200702757
53	22
-0.10743268558733472	0.007265046460453473	0.01378266677719936	-0.007290808529121152	-0.011307037184860933	0.00010273963642815705
0.6823333042932488	0.5216402231023137	0.26809130222407224	0.07042246773613593	0.004135717077106273	0.0033494149319376193
0.45202917165594586
53	23
-8.000213951504069e-05	-0.000667060566842305	0.022841897971221638	0.07874600234653846	0.002126607642246001	-0.002262195176505385
0.7256862536299142	0.5126060454383893	0.2767365518014231	0.118431084152943	0.005830217032106542	0.004345400499461791
0.4694962398851237
53	24
0.013428805007026449	0.01908316244945848	2.046802052742215e-05	0.1278707824075813	-0.023049740846792906	0.0033783666081064656
0.7410212638103744	0.52870689531141	0.2620237628324349	0.1375803268765424	0	0.005685060468318738
0.5672582816395172
