7	0
0.0	21.02530523158299	-5.332026403850337	7.74032763467334	-108.81049379615484	0.0
0.0	77.47074191154368	178.59302556376687	13.217224277462766	116.15914518920596	0.0
3161.3417313845175
7	1
0.0	-101.47049114303621	7.739744709649114	-1.88374048536746	-342.81367740838454	0.0
0.0	56.445436679960686	155.53859100590142	7.714642465779498	56.445436679960686	0.0
7802.6471771602555
7	2
0.0	-16.236199513439082	-0.059645908263330626	-0.35341330578688596	148.2212824813917	0.0
0.0	60.789496020253786	151.74613394051178	8.919840905201504	204.6667191613524	0.0
5479.687581719151
7	3
0.0	6.581986626956622	3.32759627060336	-2.3767521157929954	-63.01233451530487	0.0
0.0	66.81494271990887	147.4735395837896	7.53868499477056	117.00058596177911	0.0
2487.0431829449913
7	4
0.0	23.980023235922722	11.449823462762671	0.30926487228180566	0.08142506402337923	0.0
0.0	80.42545991588341	159.32093060900766	9.098974887311755	138.10629286424427	0.0
888.3273882493554
7	5
0.0	-25.86123715051405	6.632445445918885	0.9359378595846718	-42.092140363086386	0.0
0.0	62.865661361452204	153.9623299197176	9.675062464578495	115.28702138613586	0.0
5612.5848718447
7	6
0.0	-92.08800422158909	0.1054834928524291	-3.9316411481086178	-12.46426676956386	0.0
0.0	56.445436679960686	151.59210200982088	6.36626925103587	131.04688919444936	0.0
4879.911208656289
7	7
0.0	-22.010454656465548	-30.958276969055703	11.342477741223504	-36.9063874236394	0.0
0.0	65.57649702593602	136.25062201170113	16.342477741223504	126.38428080079957	0.0
3353.3296114307013
7	8
0.0	51.5737726692024	-0.36374554281419613	-3.9024563286532343	-78.24645142451429	0.0
0.0	108.01920934916308	152.64286484707478	6.818503934055195	93.02205114978277	0.0
4837.46065729031
7	9
0.0	-23.57468658155724	-482.69799429793215	13.5	67.0363042120249	0.0
0.0	56.445436679960686	56.445436679960686	18.970039074484966	185.21143559704083	0.0
3406.7240436183765
