2	0
-770.134874907353	-25.830366653292575	717.3063017712363	291.14197834218186	-10.757895555399255	-524.8749154829188
0	164.3596811185893	717.3063017712363	291.14197834218186	0	0
318246112905.0
2	1
-217.5599491057809	-234.8067417494167	516.4759173644183	-575.5480011666533	-1167.3797618118856	-444.10080892697124
63.14306046003554	174.39582145083432	516.4759173644183	0	0	0
163585838140560.5
2	2
-91.78812286325784	-137.62024905234955	-1353.7936795514538	-323.3404008469965	-825.474682276366	-318.6333604288742
188.7663623282591	162.3136045315262	0	0	0	0
6179772488965.006
2	3
-819.323681665256	-1442.3147115732286	-1025.7856966284123	282.79105191677417	-915.7554435111663	-149.00619841152061
0	0	0	282.79105191677417	0	0
32199524942358.707
2	4
-244.81733756012997	-94.38267338469883	-475.85372718768934	-1500.0	-816.5108899689769	-906.0807851962367
46.21361839055888	408.3729595453624	0	3817.648985407469	0	0
1.3938431373500438e+17
