16	0
0.0	-0.46576656365453106	-1.467963032474	-8.51468106803743	-0.3501425021497786	0.0
0.0	56.445436679960686	56.445436679960686	49.13840275045314	0.01916768046775197	0.0
32.719772133822076
16	1
0.0	-1.1903983883407703	-0.04746443215961202	-21.0	-0.4800553772996399	0.0
0.0	56.445436679960686	56.856853618379276	16.209209532414206	0	0.0
39.03468640493837
16	2
0.0	0.1835188748354941	-3.20682678562541	-21.0	-0.13586295650941824	0.0
0.0	56.62895555479618	56.445436679960686	11.852359928384814	0.03675667628463972	0.0
33.44350268833451
16	3
0.0	-0.10975799971874725	0.6160218492476139	-12.199070088964351	-0.41340055309651474	0.0
0.0	56.56253812453132	57.263548849880436	49.801087454346174	0.469886233489516	0.0
38.096548849585744
16	4
0.0	-0.18156702601143046	-1.7122535914926014	-10.657761290681451	-0.41336844201456574	0.0
0.0	56.445436679960686	56.445436679960686	52.67608619977601	0.058832549877170626	0.0
38.1694523562236
16	5
0.0	0.18306647750544458	-2.112629260760089	-16.89787051282734	-0.21140348587713342	0.0
0.0	56.62850315746613	56.445436679960686	30.48924081825551	0.07095508799677508	0.0
28.165651333059508
16	6
0.0	0.08980886135000989	-3.1488190750370504	-12.479983572075323	0.08917828701303661	0.0
0.0	56.535245541310694	56.445436679960686	54.57020391125394	0.08917828701303661	0.0
39.34112620366315
16	7
0.0	0.22506444358746505	1.620193856207262	-4.175692200936312	-0.3135650353954019	0.0
0.0	56.67050112354815	58.065630536167944	34.11520596507553	0.23693449697483826	0.0
30.85607322133789
16	8
0.0	-0.3602385685342282	-1.1662459163225511	21.0	-0.12115977271530659	0.0
0.0	56.445436679960686	56.445436679960686	50.49403677492646	0.004024040719954186	0.0
24.269367149753258
16	9
0.0	0.1992384163353832	0.2538706703143847	-3.8472	0.644764202293433	0.0
0.0	56.64467509629607	56.9848648997189	33.40952262449243	0.644764202293433	0.0
19.27537529012217
16	10
0.0	-0.07090190953613812	-5.540320280413318	-21.0	-0.7532398689553	0.0
0.0	56.50583715821387	56.445436679960686	8.45178954253408	0	0.0
45.159757060162576
16	11
0.0	-1.626373749999896	1.6805725486623575	-21.0	0.541521665886877	0.0
0.0	56.445436679960686	58.12600922862304	10.284812996555765	0.541521665886877	0.0
41.94938416135405
16	12
0.0	-0.33436632985085646	-0.08707251653612785	-21.0	-0.7939243472099416	0.0
0.0	56.445436679960686	56.97152021591015	26.603127443440584	0	0.0
51.62645893563793
16	13
0.0	0.22549444930922724	-4.181289551493171	-4.381107811416815	0.2552350940629873	0.0
0.0	56.67093112926991	56.445436679960686	33.404365448271264	0.2552350940629873	0.0
60.20974007308588
16	14
0.0	-0.5263979236669118	-0.5413201466218432	-1.311128433067919	0.27633854059005397	0.0
0.0	56.445436679960686	56.62983971907176	33.57581571707297	0.27633854059005397	0.0
25.940597768625928
