16	0
0.0	0.8366523411638953	-19.05451079518244	0.01388914855613263	-2.927470886342049	0.0
0.0	65.3308109235017	140.67847725980926	8.740187369978335	134.19463689696164	0.0
2279.0031607219353
16	1
0.0	3.8114447032327345	104.1798778155834	0.10044958856775894	16.856363111948852	0.0
0.0	67.84052612899043	197.9113255663289	9.131996575756606	139.72080118880976	0.0
3670.3450761918148
16	2
0.0	2.695096572951548	2.781958496165336	0.45639599907889017	37.31922641728935	0.0
0.0	61.979889333132114	153.1323541968689	8.954936323993621	162.40854214121487	0.0
1956.94903058931
16	3
0.0	-4.802262437720855	2.3968930908625197	0.363467031992612	0.484570887294806	0.0
0.0	62.65935873845923	147.99096264669828	9.338580681982112	136.31288199920616	0.0
2487.0431829449913
16	4
0.0	-48.1228685840217	0.12186115944487713	0.0012032882402164637	-4.435054481336485	0.0
0.0	56.445436679960686	151.30762099197727	9.088106964674651	133.146937641352	0.0
888.3273882493554
16	5
0.0	0.02492767651059702	0.05904014605361781	-0.6534459862288324	31.005173679544377	0.0
0.0	65.24430861999492	151.36044191476552	8.694103984856131	155.5637130735743	0.0
1639.2239638252213
16	6
0.0	-0.8007709173434264	-0.0839202726712325	3.767816392467944	17.665420138917707	0.0
0.0	64.79544300184908	151.33722979864567	11.45620601900925	130.6535362120284	0.0
2184.163032939971
16	7
0.0	16.858654506068778	12.306708938262275	-2.3526446434158936	-0.2571457998730268	0.0
0.0	73.30409118602947	174.04934750432307	8.258930845006933	135.83928865010068	0.0
2788.7524823793856
16	8
0.0	7.347815439414073	0.7029963685281302	0.4928387192263415	-41.925646524860994	0.0
0.0	68.74164042210415	150.74785926863757	9.27471985136048	108.97820380386038	0.0
1382.4124572221758
16	9
0.0	-6.137466490179543	70.16886933025388	0.30899411730661397	20.696517919312313	0.0
0.0	62.16043616104026	194.59932046131345	9.217808919122845	150.37603174610865	0.0
3406.7240436183765
