22	0
-0.7651080214348842	0.08728050668234946	-57.365606765451226	-0.034269097224039924	0.030140665965162752	-0.005816136150047316
148.8657989550195	16.100051225918616	414.10478339635887	70.26517521405948	80.22703873739944	244.41479266841856
1207.291074567215
22	1
-0.009401618510448918	3.9459469228439943	-9.20985833459192	-0.008200743738412713	-0.02289485534964966	-0.17286714597539282
149.35840465198496	18.44280734170819	442.6163271825718	69.68764885671511	80.21655550572524	244.49111394144435
1180.5415774965318
22	2
2.366370119045995	0.9359330915939611	60.91250023426653	1.882164990637723	0.6696574786152485	-0.09854990183092593
150	16.549609427010527	487.58686799349607	70.8833966346017	80.67935348579681	244.35907733602164
1189.925205263952
22	3
0.07393776477053055	0.017602018906823877	10.648829638613492	0.03067557751974944	0.029423846132183837	0.1538327194605842
149.41503021743074	16.07368924498305	444.7883790879975	70.37345075129485	80.21231818318917	244.54593341629837
1216.9493776571376
22	4
-0.31838955703286764	-5.113092144970164	72.18889031074336	-0.00033278494139302146	-0.021745965224374397	0.5822824462381654
149.14577370902174	20.545295302834592	474.13724057043805	70.34876069433362	80.24085299709424	244.70019449722722
1276.2403646864877
