21	0
0.43547957600631326	1.7744266045754755	31.027699366298695	2.7079352362096496	0.24864744972698588	0.5074085308333834
149.64842904503166	11.774426604575476	467.5359390603575	68.49731436242838	80.1235259084125	244.8648578893307
1186.6730846678693
21	1
-0.0017933814492218276	-3.8965941424104504	2.514914345257926	-0.34198939156776637	-0.013183845654712738	0.1747920846485385
149.37151360984942	10	451.29025721822615	68.76959562531302	80.16427670783352	244.970940394328
1163.130938466126
21	2
-1.71927987859305	1.2821821605618144	-30.51460660095647	11.135081321910292	-0.20285630684015332	0.9865221310055758
148.2649806801739	11.282182160561815	429.00217840151123	66.18345085658504	80.05951264293496	244.98887132468047
1195.7942024965828
21	3
-0.05102371825385369	-5.0335055437642815	-38.02033450625547	-1.5635240786409461	-0.22033811130992179	0.5977542171769498
149.34127042177585	10	423.0849376700621	68.29014440523025	80.01381773085919	245.1215756872056
1232.6076745722692
21	4
0.13629474391473506	4.352057620182649	-144.621234553856	0.853494061591963	0.25264931287111475	-0.36239234843354795
149.4538496202365	14.352057620182649	404.72291651721264	69.24382748742492	80.33793982746607	244.60819629881576
1304.9604223000256
