14	0
0.5045662782601836	-0.16521517464299154	-0.31898196489306074	0.6670365115242372	-0.020413008630235714	0.14102182513578554
0.5045662782601836	0.049089322569075666	0.41711913572674775	0.6670365115242372	0.05484466113987264	0.14102182513578554
87.16804163770027
14	1
-7.562015789374369	-0.728656558727596	-0.6388727279117878	0.10240627062860633	0.1404128130976159	1.3415437697261852
0	0.03894119541112562	0	0.10240627062860633	0.1404128130976159	1.3415437697261852
2372.316884721671
14	2
-1.1359290360944174	-0.29770626810277645	0.40996553853796597	0.7051717992105636	-0.7624941592577044	0.0925751527999945
0	0	0.40996553853796597	0.7051717992105636	0.16348999479039095	0.0925751527999945
161.07337932935496
14	3
-2.31729922134439	-1.5631613747037298	0.06700741042732265	-1.182257330522961	-0.7752663718348	-0.017254759356839913
0	0.6795097555360576	0.06700741042732265	0	0	0.022071981790766276
2704.2981502610587
14	4
-0.17372687038045517	-0.10431254982586284	-1.5891737806098059	0.5610835786856518	-4.704919123156141	0.06712240046223426
0	0.026561737570315255	0	0.5610835786856518	0	0.06712240046223426
268.59460432391705
14	5
-2.67834086747316	0.34144498593361494	0.48820419891104255	0.0423660569795756	0.038102792970664566	1.2083638799735021
0	0.34144498593361494	0.48820419891104255	0.0423660569795756	0.038102792970664566	1.2083638799735021
191.62214639323076
14	6
0.11991389415577916	0.3656650643891704	0.9668892044175252	-4.098820248832842	0.08812793866921907	-0.1825268992987651
0.21337539986406198	0.3656650643891704	0.9668892044175252	0.718789646760329	0.08812793866921907	0.23045360587923475
1674.3654988750902
14	7
0.1637986729245544	-1.0968183946941044	-2.099971220274869	-1.2811517221482145	0.10666291472331306	0.2336994693258746
0.1637986729245544	0	0	0	0.10666291472331306	0.2336994693258746
5.000205568979262
14	8
-2.906200689708459	0.24850885166132536	-0.9504508360218228	-1.254375698161581	0.2603557961076412	-4.430334986978287
0	0.24850885166132536	0	2.5227457229711296	0.2603557961076412	0
22811.47194437899
14	9
-3.3863743224882406	1.361652188416636	0.12877204124839828	-1.934240230465055	-0.20534410705523387	-3.0967069292600518
0	1.361652188416636	0.12877204124839828	0	0	0
888.8871551268576
14	10
1.2030556411902882	-5.872396324187297	0.06823354151409565	0.32766850718346135	-2.4333306967500112	0.0685203096414831
1.2030556411902882	0	0.06823354151409565	0.32766850718346135	0	0.0685203096414831
1315.185099561063
14	11
-0.06717540649603992	0.3994657279484656	1.718709651286864	-2.7159221496123154	-1.0611518337418766	-1.7949309659538155
0.10449161553236874	0.3994657279484656	1.718709651286864	0	0	0
140.4405305733677
14	12
-0.6805472495647106	0.020196363473564686	0.24000563479446818	-0.39624915332955235	-0.1933664112673009	-0.14977742143262687
0.11277177485964962	0.020196363473564686	0.24000563479446818	0	0	0.1291182271444187
5.000368764342416
14	13
-0.016699939388651865	-0.6014699381452334	-0.04348115175982634	-0.4585382740145802	0.09802761600076633	0.6770109004249967
0.05975844897454937	0.5373621796044382	0	0.05033199681887396	0.09802761600076633	0.6770109004249967
329.56174886389243
14	14
0.24117235912047869	4.723481417235483	0.26240837551810936	-10.378742321283761	-0.7071846667692492	-4.124950290015743
0.24117235912047869	4.723481417235483	0.26240837551810936	0	0.7828601872271084	7.112416861746416
17455.900737109714
14	15
0.33648501451143953	0.32389062522936996	0.9501096372794839	3.68636140974206	0.7072068816898741	-4.5303921713919255
0.33648501451143953	0.32389062522936996	0.9501096372794839	3.68636140974206	0.7072068816898741	0
286.7355396213908
14	16
-0.0069756153891457045	-0.05671804935118474	0.4008434907668668	-3.7520988712409986	0.033574164964297964	-3.2143084862703217
0.06718377774015818	0	0.4008434907668668	2.2701506126855735	0.23386290384643635	0
392.8602898586984
14	17
0.05585624494515709	0.28132420948785214	-3.898624063886661	0.5988090792165341	0.5406705434808292	-0.5229668417188982
0.09389878865455323	0.28132420948785214	0	0.5988090792165341	0.5406705434808292	0
367.55191341779295
14	18
1.200736604280087	0.3282299918038163	-3.913031315129972	0.06240357792708015	-0.013867939960826095	0.552204303565658
1.200736604280087	0.3282299918038163	0	0.27885594809827685	0	0.552204303565658
7955.027379591675
14	19
0.2870039575628103	-4.772523174802136	-0.6663986299892243	0.005839396452757955	0.45389407557443573	-1.646806524324241
0.2870039575628103	0	0	0.005839396452757955	0.45389407557443573	0
1034.144148063476
14	20
-1.0194055954991768	-0.033204776363629215	1.861784185051511	-0.5091247863297952	0.4616208152181649	-0.8479998816390395
0	0	1.861784185051511	0.09311607705501246	0.4616208152181649	0
161.2221553376005
14	21
0.23414523333313672	0.5585243279556378	0.26080617070429046	-1.6115703466682898	-1.6707539807344747	0.23199074223626204
0.23414523333313672	0.5585243279556378	0.26080617070429046	0	0	0.23199074223626204
161.0891813534545
14	22
0.7926406835668169	-0.8288864405174469	0.8973884112699704	-0.38864726924721976	0.12159111876492146	-0.04206087794524224
0.7926406835668169	0	0.8973884112699704	0.8203859431314897	0.12159111876492146	0
395.9809411771984
14	23
0.06039421493335224	-0.10871495257089053	-0.4151744747243622	0.028538460220518296	-1.8494379055536576	0.05537602865793112
0.06039421493335224	0	0	0.028538460220518296	0.16368407546541186	0.3678579551848754
98.24327378980259
14	24
-0.449992702228473	-0.06433563112587377	-1.7337466832670485	0.27267073272613723	-0.16649598608896765	0.8297388410397405
0.08317702730760501	0	0	0.27267073272613723	0.6116176601796083	0.8297388410397405
407.7854328366682
