13	0
0.0	0.2326951309422204	0.04297883484055366	-13.5	0.6214730068276647	0.0
10.0	94.3084229308767	94.11870663477504	54.764803673257276	0.6214730068276647	0.0
7.27714495327199
13	1
0.0	-0.4950267688455597	-2.206516349459162	13.5	0.12946353742871997	0.0
10.0	94.33593278873632	94.07572779993448	79.28973838440024	0.12946353742871997	0.0
7.521116953991885
13	2
0.0	-0.0538837407575647	0.9234907336826894	-13.5	0.2050558852588783	0.0
10.0	94.07572779993448	94.99921853361717	37.21711416245849	0.2050558852588783	0.0
7.27714495327199
13	3
0.0	-0.039356214005496395	0.14012746278791868	-6.332401664972465	0.0039208374814772495	0.0
10.0	94.07572779993448	94.2449265118849	67.45421824487106	0.0039208374814772495	0.0
7.521116953991885
13	4
0.0	0.037932532925365074	-0.1202557317209309	-6.124572118272218	0.9869131508902212	0.0
10.0	94.11565115633066	94.07572779993448	68.15074999269382	0.9869131508902212	0.0
7.076713893459622
13	5
0.0	-0.04917596662367879	-0.18388679520988638	-13.5	-2.2065144039952487	0.0
10.0	94.1139502269917	94.5378448584953	61.393944475331516	0	0.0
7.69396964721465
13	6
0.0	0.027269923162630254	-0.23967154939025068	-7.001604599202777	-0.24496783395912794	0.0
10.0	94.10299772309712	94.07572779993448	64.93024304781156	0	0.0
7.15445429000969
13	7
0.0	-0.061515328348487934	-0.8325961467427248	-8.859569012273335	-3.4046845083718313	0.0
10.0	94.07572779993448	94.07572779993448	67.50687395274473	0	0.0
7.27714495327199
13	8
0.0	-0.2802472078550424	-1.2480491640042193	3.6761505592866723	0.07624484836502037	0.0
10.0	94.07572779993448	94.07572779993448	70.71056441139689	0.07624484836502037	0.0
7.27714495327199
13	9
0.0	-1.3803157094317255	-3.1376784880699096	0.8989002478257649	-0.12310425317533945	0.0
10.0	94.07572779993448	94.07572779993448	69.68396436743107	0	0.0
7.076713893459622
