3	0
-0.008819425388157156	0.15	-0.13651192794994205	0.021078851263278856	0.040256948287419915
0.5065860912709613	1	29.95307827279917	250	100
50.416
3	1
0.15	0.02660990424581479	1.2290440673850418	3.1705079075846774	-1.2295781913493007
1	0.5144524720969146	31.260963613658344	248.81583060855127	98.7704218086507
100.416
3	2
-0.022574285580707124	-0.14561635103458664	12.0	9.766859140214564	-0.463338767701974
0.39097209998967125	0.466411269893482	53.99379290253698	250	99.53666123229803
50.416
3	3
-0.15	-0.15	12.0	9.857862345647293	0.037892419513186046
0.098153186148348	0.33461127860992396	40.40435513922269	250	100
100.416
3	4
0.047306834270150734	0.002232196506126827	12.0	-2.359789921498699	6.530969679697733
0.4187254421799672	0.47841672733131324	34.74560102948932	247.6402100785013	100
50.416
3	5
0.15	-0.15	1.8740018927476105	2.1207783044028687	-0.7135639314733614
1	0	31.054079954014796	245.52557830440287	99.28643606852664
100.416
3	6
-0.15	0.00020105212953724872	5.63846896505654	3.433637304652183	-1.467658423082439
0.06700123811011305	0.5007411467935305	33.358538584331036	249.5148425005116	98.53234157691756
50.416
3	7
0.011647632034490969	-0.024309589000267588	-1.5949707109879454	6.842531496402843	-1.4422028383990764
0.4067091830378635	0.4893102421466172	28.838717213292774	250	98.55779716160092
50.416
3	8
-0.15	-0.15	2.677582474106158	2.317194673139585	-0.841386819190291
0.03780146110011717	0.48715197642697483	31.202998683043475	250	99.15861318080971
68.248
3	9
0.011635661414396186	-0.15	12.0	5.430775714878928	-1.1148891330849475
0.39235614310591216	0.3936017139192884	43.07345606879365	248.83557571487893	98.88511086691506
50.416
3	10
0.0017453932927409123	0.15	-12.0	20.31060079286169	-0.958358960953314
0.40208309867755837	1	10	250	99.04164103904668
100.416
3	11
-0.08869234812657131	-0.15	12.0	20.189688708130042	6.244329160384645
0.33966975199910054	0.369500894788363	53.580235412028586	250	100
70.288
3	12
-0.15	-0.030069250177454477	0.2664385042485404	-3.834083305306461	-0.505880636193142
0.007278073860116585	0.5789612953312449	30.423262474592747	246.16591669469355	99.49411936380686
50.416
3	13
-0.15	0.15	0.23434547792234173	5.8486249832136465	-0.6768217560748815
0.1859613899074133	0.6150050554672877	30.021154175834123	249.25342498321365	99.32317824392511
100.416
3	14
-0.15	0.15	-12.0	-0.4219312317042175	-1.3936296503039554
0.1296312799578352	0.5969406217529885	10	247.43571428413915	98.60637034969605
93.904
