19	0
0.35704112486326367	-0.020754774458237247	-0.09882859409343446	-0.01634509445580611	0.12193768095343488	-0.07252913752065976
0.6128254620013307	0.22178271836528402	0.08603545567620867	0.06244505016298703	0.14729819277092743	0
5.317756091645516
19	1
1.6661580657783621	0.342966761951817	0.12570522591206013	0.006270743826795128	0.31994663352009084	-1.3794695358336508
1.6661580657783621	0.46150358076595516	0.12570522591206013	0.006270743826795128	0.31994663352009084	0
29.32456161102186
19	2
0.11375549614482566	0.23355205659889952	0.06720478432528337	-0.12057044562228425	0.26844306497484755	-0.10785714165109776
0.2621493351040518	0.40571469052997766	0.06720478432528337	0	0.28952567938256485	0
4.274939444862157
19	3
0.6545892830154801	0.3478223245150388	-0.12367586548158802	0.028651557113113138	0.09022774502424796	-0.10246601638128014
0.7517802464659782	0.4428287631141243	0.17000871055175412	0.028651557113113138	0.13832360493088597	0
3.87927720935841
19	4
1.1399683801504434	-0.12159938641409565	-0.033951327024875785	-0.045050156580971806	0.23436159410368707	-0.16217801492787184
1.2508187045859658	0.18675780020369956	0.1082282477625341	0	0.23436159410368707	0
7.748977904883732
19	5
0.14901799369016774	0.32159268779989353	-0.007101756010099063	-0.004202238343272904	0.20778429637103873	-0.256531481337164
0.3549501796587504	0.4609745766260027	0.09486740867775977	0	0.24088967338279388	0
3.84045922551775
19	6
0.6865681096382876	0.012920074058387819	-0.38028929389604227	-0.04910083807455009	0.08106643522435288	-0.30873756111535855
0.687140113999043	0.03658831766776845	0	0	0.11784025843482877	0
5.182273589874649
19	7
0.401284774401203	0.00713378413304251	0.23032290334249017	0.06023780413058428	0.015424388192288795	-0.4011799197964189
0.6120308734171429	0.1301218944688248	0.23032290334249017	0.06023780413058428	0.05837381097372334	0
5.000205568979262
19	8
0.8617634200246451	-0.18053637820784546	0.0032372844108867396	-0.8737771913918001	0.09938840687385464	0.09070121548736407
0.8617634200246451	0.22868190240056974	0.10118752075964378	0	0.1546760692239301	0.09070121548736407
31.949549628123457
19	9
0.5228283037373617	0.10325029130988483	0.0004147393323548267	0.05786835211923963	0.13039171040420222	-0.30010954274783286
0.7208080317008672	0.3432952960059762	0.09021292524921931	0.05786835211923963	0.16377133261955507	0
8.474098006748479
19	10
-1.557602216716084	-0.25478540408367684	-0.0382191303343103	-0.10516922134905837	-0.0010991849186664186	-0.12476523376213193
0	0.38551031787201023	0.07678534570775536	0	0.1866059132903468	0.02985538587117477
11.196179213715073
19	11
-0.3188248329682964	-0.3402006955030643	-0.480852969721435	-0.17805068381455552	0.276055738179352	-0.10383753087203333
0.26050444398901057	0.10516700534326667	0	0	0.276055738179352	0
5.304666028252168
19	12
0.013112535080488971	-0.21058325241874376	-0.018333355035431896	0.009223415113472085	0.11594122660240654	-0.24552607112910144
0.4456877042456164	0.18381438779245002	0.0845680744871975	0.009223415113472085	0.14754328634199962	0
5.000368764342416
19	13
0.08607592666904515	-0.18878242302693468	-0.3697107743493788	0.007025373177533257	0.1107657531912835	-0.0714913887383223
0.4779260745048153	0.15086335680038096	0	0.007025373177533257	0.12806288708972302	0
4.424554134430633
19	14
0.4311340310319719	-1.7327098201586077	0.09768236090362488	0.529145533158465	0.2684916633381787	0.21428652290875808
0.6875358887714309	0	0.14338727131477613	0.529145533158465	0.2684916633381787	0.21428652290875808
244.3404990176239
19	15
0.6853760521320779	0.22403556188142712	-0.23035452316609628	-0.4504976939969717	0.31788941825332945	0.18355687325291234
0.8772396414430904	0.2817828971088895	0	0	0.31788941825332945	0.18355687325291234
24.12424866704421
19	16
-0.07158586666760616	-0.05160946289028756	-0.018850806297832458	0.09873946752624652	-0.019064566242926836	0.09298108077555715
0.4107479170689874	0.23010157908726464	0.08404660799164604	0.09873946752624652	0.0849996599739227	0.09298108077555715
2.74227067907671
19	17
0.3663645332992269	-0.0602007874170029	0.32739720199874134	-0.13177556858928696	0.2290191149300641	-0.13535150852567582
0.6677972270953274	0.23579408984343903	0.32739720199874134	0	0.2579698806717605	0
8.97040285642828
19	18
1.0550838541054541	0.5497676896300502	0.11219214961472879	-0.013859485093422927	0.11247618559392779	-0.24334271155708204
1.1475736066562108	0.6444862167709522	0.11219214961472879	0.0002689948809248884	0.14424555517094004	0
5.952032422905822
19	19
0.16187147107953892	-0.4798563037182754	0.14143299850521113	-0.0035356081805786263	0.12861543749819548	-0.014591124647207597
0.3587744435576328	0.06448475238447898	0.188252690801591	0	0.12861543749819548	0.053268722779859716
7.165641434502655
19	20
0.41878107058011615	0.32417934587484765	-0.25277825074851074	-0.0030649585932122393	0.04047486480890866	0.02433246140076451
0.6555696212288546	0.46014249861079776	0.1802932617784926	0.00437893054779976	0.13665993904382662	0.02433246140076451
7.799947562261623
19	21
-0.32922913020259753	0.031670417568463186	-0.0935648986493961	-0.01984592822412707	-0.11481657859952434	-0.29190419809501716
0.3648061359168066	0.28414545746570824	0.040205559564742366	0.0011654739275003198	0.02868540986432634	0
5.00035326220277
19	22
0.5495111908543633	0.42998657283893116	-0.24163828783530716	0.01613096290016229	-0.13955332736940596	-0.019031960461875913
0.8504047955339256	0.5434010472933973	0	0.021929745390938213	0.005055849149761704	0
4.727669501268038
19	23
0.09117602023507151	0.009904409536673209	0.035998920799962225	0.002731040858085904	0.3004433790188168	-0.3306008116007415
0.3456515454291842	0.2663565807971733	0.09887038295821599	0.002731040858085904	0.3004433790188168	0
5.841394688700262
19	24
0.5664683365952977	0.02986940516362191	0.05056312532597741	-0.04146758842410741	-0.03713391159593612	-0.3263866047900076
0.8295394426956519	0.277731437875987	0.09952560233561551	0.00853526156087274	0.08802535049030333	0
13.356056239077098
