26	0
-3.439925294311307	-0.7866914848977548	-2.3176640483488495	-11.67780525574548
401.2980563616016	10.956257204576175	221.5514362488572	82.19760798533288
48003.02933333334
26	1
58.61510639731633	-0.002421039357618148	3.707471568870794	-0.011488438282500494
245.1712582152272	11.100671735641834	221.2677681301778	90.13877894156333
64428.711333333325
26	2
0.005896888952991288	0.021070788939103555	0.35538114714277613	-0.0678798937140693
403.6186198403412	11.113084170553607	221.93376215008098	90.1111405177686
40892.94866666665
26	3
0.01667749670672875	0.0005793063764711615	-5.275088933570551e-05	0.006854238444266598
403.590751053317	11.061113620190543	221.77887175831955	90.12778957245466
41666.53200000003
26	4
-31.064695662731435	2.996895858727948e-06	-0.152967593028016	0.18550500133291686
389.6548389502924	11.102709387969036	221.66153816024837	90.12548330022796
42224.01000000001
26	5
6.015038842805051	0.7559133058951397	150.0	0.0218514685746701
406.86065685185997	11.60148140310096	362.05611291718293	90.11392183079316
57179.86533333335
26	6
-0.0010163150779832323	0.01899041376144868	-0.21585098204831002	-0.010072932789207982
403.6138113351049	11.11003868305346	221.62732782421773	90.14918302918723
25643.638000000003
26	7
0.0014957812627520058	-0.16007343347175412	4.8498718611268234	0.0004905252871580959
403.61499632439	11.15600522415092	230.821719199121	90.13843567924381
86137.45133333336
26	8
18.69265512381714	0.13502759138661743	0.4487404351083246	-37.5
398.2271249880367	11.63519711901099	221.72714184137197	45.95026203880383
42857.19333333332
26	9
33.669080826656064	0.01569963266094446	0.13448489467867852	0.29181788898993527
422.08897952270416	11.113417817895627	221.85104874586847	90.33356841454025
39317.71399999998
26	10
21.678213454119902	0.0011744404861070284	0.05691737401831806	-0.01848427912351948
418.97788802226427	11.102229500778707	221.8280531004344	90.13292214074244
26739.44799999999
26	11
-13.29114183992425	4.342197037255996	-0.16282619077894223	0.04139254596344514
396.7767160098156	12.861580008467723	221.75281737369187	90.16636926392603
44836.03000000001
26	12
0.0015654502244555513	-0.10227037422779617	-20.395310949084138	-2.523677424609723
403.61540149388617	11.044438190779685	181.84147537852914	90.60628321524403
46442.67066666669
26	13
96.17291362132067	0.0014964398317028065	1.494714434190509	-0.0009531409763582011
461.7767203600902	11.103415554153072	221.52304608664065	90.13823872837634
55289.496000000014
26	14
-3.061476128358449	1.3869193795573636	0.35030567538202173	-0.0005073419975928977
401.84775593195974	11.911086504678265	221.83899045480175	90.13831694253415
68594.63733333332
