8	0
-0.0010478336029442828	0.0034128028025771657	-0.0014777199749982802	0.00011315729118339742	-0.0022646378245652133
0.38664680196262596	0.5026411606663896	30.000052065604574	249.99974528404155	99.99773536217543
50.416
8	1
-0.09377423083495641	-0.10712070454709147	-5.816930951995512	-0.038709436299064016	-0.019753981357698652
0.38853645271337056	0.42591851098469	27.375866970774258	249.96129056370094	99.94917089218357
50.416
8	2
0.002936793422291031	0.037062696186972874	-2.2541384585770268	-0.2838358392196525	0.10228906698305001
0.4003565190587695	0.529241697401477	29.464587703222037	249.71616416078035	100
50.416
8	3
-0.15	0.14771205545931662	1.2080884688667972	0.17829807254672883	-0.0007460430848064305
0.22110783709374565	0.5972212638240502	30.78581250798879	249.97587510181836	99.9992539569152
100.416
8	4
-0.04090904312001309	0.005045781464206514	12.0	0.305346072772734	-0.20503256419366658
0.37121364432859855	0.497880222573727	40.43673068660611	250	99.79496743580633
50.416
8	5
-0.0672751669969989	-0.15	-0.6887983303613654	-0.17493154992553375	0.382204891624729
0.35567769793949067	0.19834322182013692	29.71160611062284	249.82506845007447	100
81.344
8	6
0.15	-0.0007770409359293295	-7.484939395023635	0.25712982980801036	-0.02456385576609889
0.5637356032624211	0.4998629087070108	25.44458830794012	250	99.9754361442339
50.416
8	7
-0.001475553883139056	-0.007928126646734632	0.1966821595939772	-0.14836997328079396	0.3968361126847401
0.4004094856944931	0.49507277492153373	29.634210207440276	249.8516300267192	100
50.416
8	8
0.0776782169835427	0.020225493143341704	0.2960721642109122	-0.08156779905004707	0.06232076764741726
0.43562306900694414	0.49984178616865677	30.107066487371448	249.91843220094995	100
52.128
8	9
0.005434654142007719	-0.021195829824596286	11.37606721349901	0.04534909011409679	0.8981922567381875
0.3990708835066939	0.49133637710274286	38.27746335133075	250	100
50.416
8	10
-0.0021705959752634308	-0.0018914767895245634	-12.0	-0.6657028531509792	0.08035434274699461
0.39866111425384493	0.5089684531692713	35.117654013115484	249.33429714684902	100
50.416
8	11
0.03581693908045898	0.15	-0.0019776088888691645	-0.6437039262950893	-0.3287789844123621
0.4215316064045734	0.5349401841633196	30.181549941935515	249.3562960737049	99.67122101558763
50.416
8	12
0.06111732503345915	-0.15	0.020119694611753013	0.6932332637599561	0.07438673234548744
0.43529499299258045	0.38982632522499133	30.000624082767114	250	100
50.416
8	13
0.05043284290833909	0.015357927585763452	-0.012336085735950606	0.00041960226993490064	-0.027172367915196744
0.41466131548584767	0.5104497545494	29.994690082010123	249.98304728527754	99.9728276320848
50.416
8	14
0.15	0.01842932620920289	2.381937869785409	0.8830560726970751	0.7208562477982867
0.6180540781546856	0.5108931071348473	31.513499316468895	250	100
93.904
