28	0
-1.7116663624217934	0.04256219856931702	-0.21559960991916466	1.5171448649527555	-0.021304144481290116	-0.32666760015826657
148.2883336375782	10.042562198569318	451.3549312099799	69.0493613716675	80.15714472706286	244.9617094192524
1186.6730846678693
28	1
1.9481548221106588e-05	-0.14713136448499864	-24.945673220729077	2.7335636169048594	0.00030537517695851786	0.06304549456242604
149.37170271519238	10	438.3947494455722	70.38996870231908	80.15906715809942	244.94363644522335
1163.130938466126
28	2
0.730194652848423	-0.10799112721253804	156.2656032689409	-0.7206548222817737	-0.18417081893825435	-0.12219027908348987
149.85181220824103	10	562.8920466804148	68.2486550415417	80.04208792557978	244.85361404719438
1195.7942024965828
28	3
0.019508667383430028	0.058335982753737164	3.773860846216344	-0.6093976729110641	-0.023274059528674146	-0.13170064751073052
149.38535989817845	10.058335982753738	451.85148364444206	68.3090787805453	80.14182584958175	244.8131282928204
1169.0632478592022
28	4
0.0013706630251869101	0.05894180574190758	127.53943069968189	0.04799583443877801	-0.3022728553234098	0.09274587415151365
149.36167080670984	10.058941805741908	523.7494728423411	68.53891985591501	80.20600408552436	244.9811923271679
1304.9604223000256
