16	0
2.3299930448536466	-1.5961177868905778	-115.35453276772455	-0.34644878657827066	-0.20087030221319652	0.3835385990012655
150	16.020529734584517	423.19006088970787	70.13834664133016	80.10139269831488	244.72171553528952
1210.5020082804144
16	1
0.05600170495257633	6.246236389212146	-26.585141189656888	4.168829720668475	0.3193834520265038	-0.7096999155704138
149.4048754865899	20.261234123063026	449.82585624508965	73.21963117561761	80.33296064004149	244.06724243414695
1181.740982436221
16	2
5.0499053648535845	0.7988803741553132	-56.37715549403954	9.251599304718418	0.4861494673388043	-2.774333604592279
150	16.416960993830237	424.304323069773	75.92550488283015	80.51964752357175	242.7476878899438
1240.3358584043074
16	3
2.615514181934288	8.147755316519362	4.791381649385248	2.577696005304898	-0.5884597036569628	1.2858298650901836
150	21.375573909644523	429.504231590373	71.95724283431517	79.949043395651	245.21387614736392
1232.6076745722692
16	4
0.5835175342288438	-4.406878824771811	-447.0	0.03556176086346326	0.16475982622258276	0.6077546860730345
149.22405659175078	13.093773850862393	20	70.34460291064407	80.26247091200496	243.69097654011398
1304.9604223000256
