26	0
-0.9634435916347543	-0.04572257437098058	-20.36375257770878	0.19405551983313596	0.026391736722413305	-0.07141986336001174
149.03655640836524	16.0988482808802	447.9810899658715	70.48034416813884	80.24216755055112	244.3988282286273
1207.291074567215
26	1
-0.0018155916912323553	-1.1119366098038619	-31.5739231524047	-2.5721344565020248	-0.0031269724861047736	-0.6396738787909672
149.36565757613943	15.466895434955717	423.4664723661533	68.82035851260618	80.2232924745508	243.99504493231703
1180.5415774965318
26	2
0.453662041831858	-0.1428718100961211	218.08336717832054	-0.9270820869138279	-0.2725417031398886	-0.005371604782237362
149.65700099533322	16.08097850732241	593.7780586522277	70.37081689247205	80.17929200961042	244.43685070778457
1189.925205263952
26	3
0.024136978344217238	0.0027557121517283066	0.6272705089335716	-0.09993585484053422	-0.007923141121965021	0.07080764065999581
149.36497702431163	16.125372237842083	446.01406560651577	70.28976445183153	80.2201528760846	244.48316230880795
1180.7291295341959
26	4
-0.08052923486928522	4.154312081304936	24.32925471946746	8.394677881482512e-05	0.20810018584366857	0.05107199076327433
149.30934549415423	19.44669806661039	467.425705506147	70.34890263354399	80.34596079846462	244.45931029835003
1276.2403646864877
