22	0
-1.6957811036471868	0.12424598630645124	21.62758593934105	29.038599163103097
402.4814395435629	12.133185388698553	218.02528856816437	109.05621263054992
42405.43066666667
22	1
86.24076871551922	-0.02502925496230507	-7.107068255467762	-0.00542934402079521
464.8666761747808	11.100254705453654	217.7397957212491	90.13518661021543
60168.251333333326
22	2
1.171587721406154	0.05628864333363602	1.8749457468027135	0.5009519966742446
403.8589176414777	11.123399796594992	223.10383961296154	90.36368370856144
39144.901333333335
22	3
4.351185125429481	-1.6906738326471555	-0.0021607234394812784	0.10376377982349468
404.1945510937843	9.909407311739459	221.77737971366446	90.22649129058033
39265.38533333335
22	4
395.55518328163345	1.9294826046793313e-05	-0.08680178872042187	0.36456275812452865
395.55518328163345	11.102713370098884	221.65936291365077	90.37510433947789
39371.96266666667
22	5
15.739241059485998	2.2378009847699687	-35.633557277513525	0.01147590080690505
409.7398042178741	12.572216881495821	435.9220189441549	90.14761802182356
44234.235333333345
22	6
-0.011440853547257577	0.05751971458865765	0.23580857966464747	-0.014601395888894359
403.60997937424867	11.142452731497333	221.8839511951474	90.1312654807281
23508.28866666667
22	7
-0.003436942259568552	0.014546603404764269	-150.0	0.0017703884692500112
403.6128530531118	10.934795658627388	0	90.14012620889224
72719.0726666667
22	8
72.14369003212946	15.0	-0.8492131847702098	-37.5
442.10753985685085	17.465848125454933	221.37668685259996	53.53266962287403
38703.95866666666
22	9
20.23205175435841	0.03658398937139425	-4.73112102134462	0.2525748731707232
417.4826256725952	11.123709444560406	221.35308225507458	90.27893881857167
37935.27399999998
22	10
4.092416537231459	0.0025301215445322723	0.21162679526014777	-0.026916987335842815
405.725022354838	11.103039603060944	221.8459646086767	90.12163264218994
24414.057333333327
22	11
-67.53342472514773	-0.4073443154759302	-1.1455603756425246	-0.009853412494958712
363.0041850817803	11.952980285167094	221.15887042065313	90.14699262103555
43439.38666666668
22	12
-0.008265830313693275	0.5946984796769257	-64.9037213932114	-1.045698508857459
403.617561162867	11.445686998305607	178.3513664990661	89.52490915380497
41556.03000000001
22	13
10.798227357372284	0.005987737900181913	-6.558928839611181	-0.003537525596873985
410.01460892239044	11.104653351959174	217.5576207387329	90.13679198355204
47759.07133333333
22	14
-0.8999045230851438	-0.557009680911747	2.903760481255446	-0.011732385481725031
403.09422116261214	13.504672397632756	222.8422976685587	90.14365674131929
66934.33866666665
