20	0
0.20380925885507636	0.28607254841188157	-33.92303197361154	-1.86569529710898	-0.3393765509584631	0.07221935397807541
149.2125659122199	16.186009099891564	426.2501538173712	69.30696776944004	80.01738047811712	244.31731162729554
1207.291074567215
20	1
-0.01635058077521754	6.4982281535004525	-7.738934664523812	0.9855386482100807	0.15785969890552434	-0.7752330154111926
149.35534397739772	16.498228153500452	442.03993725612855	69.53180499219647	80.31680838873805	244.14107987865796
1180.5415774965318
20	2
1.7910040180646292	0.719945822792785	67.36113816709744	-12.0	0.3481656957302218	0.2654675945394191
149.97499817812488	16.38229573847286	454.27554647308057	59.855170586747946	80.44960416508142	243.96936795719108
1189.925205263952
20	3
0.005121805595864122	0.6089971828682035	7.038305135079606	-0.16372065457932555	0.0349696230571394	0.12570351923753317
149.3829645871863	15.524372856613985	450.5706163399225	70.46724547810736	80.24446234460994	244.48314625965475
1216.9493776571376
20	4
-0.1054722431304675	-5.681287977504427	252.02856936192006	-0.0037953760354496905	-0.03692877036924648	0.6354255661882674
149.30044634723708	12.161306556636417	541.3688318764104	70.34908185139781	80.21015173478061	244.53992447642884
1276.2403646864877
