40	0
0.011465500126377261	-0.0067456241189733385	-0.05467431783734672	0.00602492302359539	0.00521170862233946	0.0003804412318997762
0.6701703310795853	0.43070524987098846	0.15219006498781196	0.023569435187615537	0.01307114037379379	0.0003804412318997762
0.6397915941192418
40	1
-0.00027181664064959395	-0.005205673263774121	-0.008414218430948708	0.01998527170354153	0.02187892176444059	0.0013759671619686033
0.6570971269657384	0.44579721766871455	0.18678650398657237	0.030714066780806275	0.02753951693565814	0.0013759671619686033
0.7074159376185305
40	2
-0.0008510967707958954	-0.20617255306237292	-0.0021482475591999626	0.03998517709634499	0.003529806449661812	0.00010683764348588495
0.6566887031937715	0.49524212325824335	0.18918333362142956	0.0525529344900408	0.012585777492169953	0.00010683764348588495
0.6679778275265829
40	3
-0.0011217065797598635	-0.19012171043652532	0.06018879245342748	0.024728796626629645	0.017965096855836825	-0.0007972099982857805
0.6615571595930738	0.34396495319675263	0.21380764729715393	0.040109032687355994	0.017965096855836825	0
1.4204727190073008
40	4
0.10672168199295476	0.08206444483197786	-0.009527032125318819	-0.002944317103033574	0.02291351140709918	0.0009755691359126933
0.7088060653951248	0.4809514387454229	0.1801254029928631	0.022825038512912215	0.02873174117545248	0.0009755691359126933
1.0304962237800517
40	5
0.0010498711984174088	0.005264582413350009	-0.022802107234947827	0.004932504607137965	0.03228546253052942	0.0007517730040848475
0.6603686793096005	0.43777782283575817	0.17348204942450463	0.024368977229586516	0.03602301637598327	0.0007517730040848475
0.6269464536242628
40	6
-0.03236460813273297	0.1723445432086879	-0.01420358097945381	0.011646000020279346	0.010051343766497278	0.00039104898819256186
0.6460129922776984	0.32487149234583523	0.18012885921727181	0.03017075253103412	0.019413672307490224	0.00039104898819256186
3.9127290201123746
40	7
-0.019074714325014678	-0.006206513120408434	0.0006341087012211345	0.0019617366854594535	0.04104955850791072	-0.007650552146253032
0.660124606590187	0.4289276311875695	0.1916739288558473	0.02510575419796915	0.04104955850791072	0
0.6020029429774758
40	8
-0.00019311263874497266	-0.027422308076241162	0.0017776947568162792	-8.271283515725737e-06	0.005945118201205835	-0.00950893143591965
0.6603280858673175	0.4263239026322113	0.18226983690893897	0.010673190150476311	0.005945118201205835	0
0.6520660931864893
40	9
0.22322185234035705	-0.002118918462467137	-0.06690172709944732	0.007763271371707272	0.025440815726320825	-5.09907655768297e-05
0.7747504081398473	0.43274039161057126	0.1416637530832069	0.026199894410128995	0.03058307523867418	8.377924848512306e-05
0.7185269043851019
40	10
0.0006394367937875722	-0.0012535122985278336	-0.11146546495365163	0.023779241768659132	0.031008061809899685	0.0011711224903092404
0.6618718083202393	0.43321109559592913	0.13932707936632904	0.040392779044764175	0.031008061809899685	0.0011711224903092404
0.7879487793538084
40	11
-0.0016233262224465996	-0.027060416138049832	-0.026448844378787167	0.015742743841192435	0.0007329762655888868	1.3073070609652231e-05
0.6613855027871193	0.41386699536147054	0.2074591946177373	0.03502561416118763	0.010189633693284031	8.252485998429291e-05
0.6437460673882673
40	12
0.0018486127397248286	-0.0021523330496062824	-0.04430134200284174	0.02100045600751218	0.010809772440569146	-0.0007679214976750693
0.6586260041878517	0.4329833332445839	0.1609116596713969	0.033430427853708665	0.01869787909027014	0
0.6408701279223102
40	13
0.10643964132405219	-0.026544920163384667	0.004656503041845122	0.0018495510398740867	0.006193367629964547	-0.0011608403224545219
0.7382583389285443	0.4183813826140156	0.18961441776389132	0.02302854770860096	0.006193367629964547	1.777377158488627e-05
0.6599573642119054
40	14
0.007320437211131555	-0.008402111062720378	-0.08913287012058836	0.0031030126338114283	-0.0016539819117531945	0.0005467359294379375
0.6655305561146333	0.4305086237386393	0.1495355133631835	0.02570405907962356	0.011609754029557192	0.0005467359294379375
0.6742271066140717
40	15
-0.00746051633012248	-0.006142230002592711	0.013461730909460477	0.024967182895557823	0.0062324581288055875	-6.80515771327168e-05
0.6581905314999128	0.42892234887665626	0.19480530366622328	0.04075674076631851	0.016404254911034664	4.516400338237147e-05
0.6108466484357636
40	16
2.4729512628763626	-0.07841657612395163	0.011391335310457409	0.029022481830176982	0.007552838212162079	-0.000435429334220838
2.4729512628763626	0.3807081349521572	0.19412321518782374	0.04488867755267108	0.013974434948222184	7.54561341787502e-05
0.8764542781228087
40	17
-0.10220469451904046	-0.06861650324538193	-0.036396903381847125	0.006253500794532512	0.024905945220664916	-0.0020979263315981217
0.6126827099701884	0.4260263104444428	0.1687388053993195	0.0205798121072773	0.030975567674203685	0
0.670337589042638
40	18
7.911253831712e-05	-0.0041050431598019755	0.003854296324963304	0.023785449825895123	0.010384566157066002	-0.00026607594485193167
0.6589628148199296	0.4310755852243069	0.18901461904023004	0.03946328746398374	0.01575298122516203	0
0.620320763764999
40	19
0.10218637803390682	-0.006034904872798788	-0.005130030326304283	0.024027236634936368	0.013368477035557429	-0.0003090602478429084
0.7298958609083702	0.42924537885114766	0.18499013330763336	0.04066775032196569	0.021391964633913317	0
0.6377544799276639
40	20
0.007169875692022779	0.004542356391119601	-0.11292546745412987	0.0050702807812347235	0.007588570319158379	4.623145243731132e-06
0.6656912879322725	0.43614272234384427	0.15323934708523582	0.020826473958821402	0.016315402157015373	2.4707314270171853e-05
0.6572611826883863
40	21
0.014181760378043841	-0.004980182344253716	-0.014886030690027807	0.017256504383710774	0.0007033875682245323	0.0006398041985818298
0.6716614868105227	0.43055422960817014	0.1762978681972698	0.03519313511891445	0.010975156211756824	0.0006398041985818298
0.6324615740249293
40	22
-0.017168743315589423	-0.004830530124571679	-0.0014445872377812296	1.91817042316732e-05	0.00019607467864070336	-0.0003787602130468782
0.6747700335092607	0.43127695007181593	0.188758204482037	0.017070895935773496	0.00559087108981435	8.126800096964229e-05
0.6958821201248215
40	23
-2.208690156975229e-05	0.0012510756850153976	-0.0010217701307198256	-0.0024434659951107	-0.002384114152193197	6.773981813021814e-05
0.6628005708367087	0.43421241665051596	0.1859099425025943	0.022513628071540906	0.01162379309759898	0.00016129701651434618
0.6004778627252156
40	24
-0.009108385724192938	0.016043411774403337	-0.05476306637899133	0.01608139437050408	0.00816575980773548	-0.006121767874607376
0.6556594281094733	0.4365341493184062	0.15325982390076778	0.030567795911855954	0.01618669229575737	0
0.686687148393487
