15	0
15.130127197009129	12.563929455363777	-8.650703459578198	17.531473857789035
413.24070255073497	19.525034634197684	216.01825326070713	102.23294003205015
28537.297333333332
15	1
-170.71857472913103	-4.674374063859285	4.5975709147850985	0.06739099048397758
284.64258333170727	8.34689017825336	220.40030866372163	90.18486648488236
52984.17866666666
15	2
29.614216659949207	0.1219772944483936	0.9844284759604187	-0.031891464885988596
416.60629360624995	11.148226560619069	222.5377818122062	89.64339444000255
34085.75133333333
15	3
51.5100870450363	-5.883131268183029	0.015147422783734196	-2.5590618437234784
355.7748451287213	17.143408075758604	221.81222983348366	94.48611411755087
36114.72733333334
15	4
-247.91186442005528	0.03282787350549585	1.2768432584949219	5.106397797805572
260.0968758804186	11.113071027222352	222.63454823663713	95.63344143045829
31143.200666666668
15	5
-87.83086046455294	1.3263006262776709	-150.0	0.1880371315494731
376.73185088877136	11.541656439958755	150.2186220725384	90.22109003811934
24120.882000000005
15	6
-0.07149012796819247	9.589394453901019	-0.8924049900284888	-0.03253163376994606
403.81939086997363	9.589394453901019	221.37731441904933	90.12195165295644
20449.364666666672
15	7
0.05573581593387119	0.7830561752499489	-150.0	-0.0688496583565271
403.6479169440136	11.510396287951576	86.85384956317816	90.09496176516967
51320.27866666669
15	8
219.45065627243687	-2.0696214401006134	1.8218228738362887	37.5
491.5594931208916	9.869460288056656	222.74076068363865	107.93755376407239
30751.089999999993
15	9
-51.783691948403835	-5.154337455409201	-7.094811412730214	-0.10753261846611435
390.85443053451553	7.458287827049802	221.28151909686514	90.12902657440009
30097.66866666666
15	10
-2.098180982261247	-0.17146774608455195	-0.15217210576181195	-0.11643676895030639
401.50566998445566	11.004130499966376	221.91738187791887	89.20458169426304
22073.884666666658
15	11
338.4658786781037	-0.3858001635998286	0.13885527612704324	0.02954176357025906
633.870632890472	10.914035670327795	222.36058957730705	88.50105650772352
34755.444
15	12
0.9690511276493049	-0.27392079506850703	-0.6392278383093621	-3.7639497046379207
404.137114726679	11.366586924912669	222.6121296052078	89.39544080494345
34508.22200000001
15	13
5.394739215841479	-0.05737264141687885	-8.537952963446662	0.12379590717973687
407.4485792989784	11.075403545384496	215.9849106899963	90.1678427214968
39423.814000000006
15	14
0.4026188865220427	12.135056954627224	-39.03682539353103	-0.889545368048048
402.7861527762613	19.166966669715862	197.4508307340002	89.55941357057847
55762.87133333333
