4	0
-0.15	-0.15	0.06363643415505064	-0.0038616455514326863	-0.007375072926255328
0.2106699751651966	0.571694096411192	30.01671470695422	249.99613835444856	99.99262492707375
50.416
4	1
-0.15	-0.03503095698729414	-1.9827195764778576	0.6663099203319169	3.4863089411014463
0	0.47942151510962044	29.278244037180485	249.48214052888318	100
100.416
4	2
0.016616948786439174	0.10262449549784709	-12.0	-1.789288594487308	1.0920149968347366
0.4075890487761104	0.569035765391329	10	248.21071140551268	100
50.416
4	3
0.15	0.05444683702736912	-12.0	-1.805960381722584	-0.006941891254815684
0.7525162614032787	0.3890581156372931	23.145398853792134	248.19403961827743	99.99305810874519
100.416
4	4
-0.03039132856686052	0.019818266857351344	-12.0	2.410401247311863	-1.1964736453206246
0.3883341136131067	0.49823499418866457	20.877189819286734	250	98.80352635467938
50.416
4	5
-0.15	0.15	-0.5017952388875009	5.8265862011460525	0.6101395585693847
0	0.6274587286543477	30.552284715127296	250	99.89657562709603
100.416
4	6
0.15	-0.0008133097872579246	-2.5912364054421553	-0.2681333617157811	1.2038057849320971
0.7912475708178878	0.49992783700627264	30.76730217888888	249.24670913879584	99.73614736184966
50.416
4	7
-0.004465282670959888	0.030518290300732283	1.784679410635777	-1.2535517701410008	0.6161918639928652
0.4022439003669036	0.5198285324473495	30.623396623928553	248.746448229859	99.17398902559378
50.416
4	8
0.15	0.05761772391990715	-0.9861867815028804	-0.424510064119172	1.1969278744041802
0.9029596319262954	0.544769700346882	30.216811901540595	249.57548993588082	100
68.248
4	9
0.012820279859124605	0.0462340201661115	-4.014935406055013	1.007869387084532	3.5172642791605315
0.40517642296503675	0.4398357340853999	39.05852066273863	249.84344510196345	100
50.416
4	10
-0.0018666719736006186	-0.15	12.0	-3.7209020652522615	0.8536208614661508
0.40021642670395774	0.7199752159540365	49.93152265901212	246.27909793474774	99.89526190051284
50.416
4	11
0.05520751983259244	0.15	-12.0	-3.6987509713294235	-1.143961102182467
0.39487727183169297	0.8012736228542848	36.47313167543963	246.30124902867058	98.85603889781753
50.416
4	12
0.15	-0.15	-0.6582245638768733	1.1775056410144014	0.38048501067061086
0.22343160363885825	0.39132523511966505	29.765037910715872	247.34342233570794	99.87460437447747
50.416
4	13
0.15	-0.06122056727324493	-0.07774273458204178	0.4295268809692572	1.962692032158094
0.8263486508745895	0.5537844881940428	29.94341144125208	249.6829518641829	100
100.416
4	14
0.15	-0.06373383349959355	12.0	8.076959881335965	2.9236659306858037
0.7802612171307493	0.5332067882533948	30.661238756821035	250	100
93.904
