3	0
0.0	-65.05704483425797	-106.69044161207509	4.1413791811566565	-9.099567692431005	0.0
0.0	56.445436679960686	72.29352246514583	9.141379181156656	37.43010078162021	0.0
110.01657136557816
3	1
0.0	37.22689439916767	63.381696403271555	0.31930760605939046	40.986312658085964	0.0
0.0	93.67233107912836	119.82713308323224	7.423562158136954	40.986312658085964	0.0
39.03468640493837
3	2
0.0	-50.62282396876266	-157.5543258296492	3.6204633238742128	32.12109055781117	0.0
0.0	56.445436679960686	56.445436679960686	8.620463323874212	32.12109055781117	0.0
277.3784009484998
3	3
0.0	17.956781629413875	21.15562918932677	-4.735248789297594	-454.30983058492956	0.0
0.0	74.40221830937456	80.72490271433144	5	0	0.0
382.25235714957535
3	4
0.0	18.29629246158588	25.50201596568114	2.9605015380894324	-425.9027531713104	0.0
0.0	74.74172914154657	81.94745264564182	7.960501538089432	0	0.0
945.1574903094637
3	5
0.0	37.22689439916767	60.434419066261476	5.857613393654986	24.998098504356474	0.0
0.0	93.67233107912836	116.87985574622216	10.857613393654987	24.998098504356474	0.0
132.20994483254503
3	6
0.0	2.4067389927803333	69.21878640646884	-0.35032070729316944	22.015468356117115	0.0
0.0	100.65855649150404	125.66422308642953	6.683410240137127	22.015468356117115	0.0
236.28806007309188
3	7
0.0	10.27801946228886	41.354455606181354	6.490799608783559	44.977570027821706	0.0
0.0	66.72345614224955	97.79989228614204	11.490799608783558	44.977570027821706	0.0
48.88657998025965
3	8
0.0	-68.37771253191652	-13.460089538648035	-2.2773057573080733	-118.00510696288477	0.0
0.0	56.445436679960686	81.65147438506851	6.549020931805631	0	0.0
2741.124477399039
3	9
0.0	37.22689439916767	-222.07379511860998	-4.960163235736354	-436.3764610087087	0.0
0.0	93.67233107912836	56.445436679960686	5	0	0.0
1338.8030171781277
3	10
0.0	-97.10565491208679	66.23386813551745	9.89641521322008	-467.3826867740461	0.0
0.0	56.445436679960686	122.67930481547813	14.89641521322008	0	0.0
58.803784955443355
3	11
0.0	-84.36968966707653	-215.9046418787873	-21.0	-474.64353128080785	0.0
0.0	56.445436679960686	56.445436679960686	5	0	0.0
76.0057257732756
3	12
0.0	-52.450976349872946	7.315286817813101	10.305253396298138	38.25901142427253	0.0
0.0	56.445436679960686	113.31659397867006	15.305253396298138	38.25901142427253	0.0
135.80090688340113
3	13
0.0	-49.15606609883034	-308.82565354350317	-0.9079796223937036	2.0842115987089915	0.0
0.0	56.445436679960686	56.445436679960686	42.32776088504241	79.43715996080554	0.0
1293.1639106031253
3	14
0.0	12.395455502642827	66.97519315047953	6.769790350741161	148.00778448354177	0.0
0.0	68.84089218260351	123.42062983044022	11.769790350741161	148.00778448354177	0.0
107.57768519990196
