13	0
-75.0	0.37975971563864597	-444.62710872146073	-12.77689130189379	0.776204373029913	1.3540036819248755
221.6885759985218	94.45546804897198	3970.6245685463473	5	0.776204373029913	11.354003681924876
46.04587659017549
13	1
75.0	-1.7504899477742837	-663.2338839095281	-10.82312640806358	1.7225705807436316	0.17729093439864052
500	94.99583275068669	3273.8553364500053	5	1.7225705807436316	10.177290934398641
49.50580633082839
13	2
75.0	-0.288830468116971	-18.079069637641012	-13.5	2.63895140979404	0.6643134107542727
474.508862887954	94.07570833333334	4183.965503521482	5	2.63895140979404	10.88655037531902
48.061464746451335
13	3
27.01779890311964	-0.9344062527980361	-427.5184488755611	-10.140399379765533	1.690854419784166	0.37958337966436173
333.8205292675718	94.07570833333334	3887.119513024948	5	1.690854419784166	10.44196991903725
48.49627734493683
13	4
50.05165692378249	0.4853436903590357	-378.3427860617596	-6.1894201413165755	2.1075203372530913	1.2120393427668008
321.2034466499004	94.58652444896057	3912.2369119074438	6.7960525688454725	2.1075203372530913	11.2120393427668
47.02756066928393
13	5
75.0	-0.20478850606676388	-23.736408625600074	-0.2709233993901088	-3.015121428008634	0.18143084165650986
500	94.23488189458114	4292.789153951921	8.22331916318349	0	10.347722739612182
48.673027256677656
13	6
75.0	0.0811284084901811	-51.15243885885466	-12.890907831784686	-1.5839999687884945	-0.5206009298082256
496.4153975380218	94.15683674182353	4156.245525771178	5	0.18036687444116128	10.157850467791704
47.99466473342356
13	7
-13.74	0.1441421216342791	31.88286528826273	-0.2502878750311269	0.2119795161796946	-0.0872064541720171
376.33028389353603	94.21985045496761	4195.0856551173065	7.9059741816416125	0.8280476668806275	10.388811308775674
45.639786269194964
13	8
75.0	-0.8595926231937352	-48.70013830971955	-6.271023031846137	3.187681325846752	1.6189703908184476
500	94.07570833333334	4151.718197226818	6.475654375535192	3.187681325846752	11.618970390818447
47.246657867141415
13	9
75.0	-5.130974247089814	287.744001550239	-1.2003327797850885	2.30104005821568	1.0989521696212567
290.941891572909	94.07570833333334	4351.961906042987	9.08774886990399	2.30104005821568	11.213290015278645
46.95900923111881
