15	0
0.0	-2.566556763764753	0.617254187914617	-0.11392440046113383	-0.06089599785374293	0.0
10.0	94.07572779993448	120.92801201907221	74.35999963702426	1.8671430440325318	0.0
7.2161368459167265
15	1
0.0	-4.446484197238872	39.12769346365909	9.084531392549858	-2.1470385132894183	0.0
10.0	94.07572779993448	147.18828637436613	75.70475016029697	1.0188006266946377	0.0
8.619738974346703
15	2
0.0	-1.142335701172803	-49.53564153960806	1.8469048817322253	-2.8637973566092843	0.0
10.0	94.07572779993448	94.46042285720088	75.19016893683327	0.08220963227178402	0.0
8.23172686591151
15	3
0.0	0.13392634165913594	6.757971075615417	-7.31221902772222	-0.6176232181207982	0.0
10.0	94.20965414159362	125.30892878853645	70.51997065888185	1.570362359402973	0.0
7.2161368459167265
15	4
0.0	1.4339858932520253	-3.5525568918649713	-3.436158259352548	0.20027667395839438	0.0
10.0	95.50971369318651	119.54931367222481	74.45971873610341	1.7292169958323285	0.0
7.2161368459167265
15	5
0.0	0.4107936604043495	-0.7407859518954855	1.8973331729800809	-0.3631631959424281	0.0
10.0	94.48652146033884	120.2385988783942	77.07261776148283	1.6263000506286471	0.0
7.2161368459167265
15	6
0.0	0.694194901729812	-5.466608012756931	-13.5	-2.967410503014206	0.0
10.0	94.7699227016643	118.97162997671674	59.120746983741824	0.10882728839075817	0.0
7.954874808248293
15	7
0.0	-0.030427501794636262	41.31037253266024	13.5	0.22692529618870932	0.0
10.0	94.07572779993448	135.3861003325947	89.7694220022327	1.880364549084552	0.0
8.23172686591151
15	8
0.0	-4.547702811333302	-4.181175980953422	-13.5	-5.014085372975234	0.0
10.0	94.07572779993448	118.18747492925027	66.57934030076105	0.6497547211191907	0.0
7.437758234616196
15	9
0.0	-0.8777842714416089	5.668307530379362	-1.5896614147302026	-0.7025140451971749	0.0
10.0	94.60429494703376	121.63663749097572	73.21929059005235	1.739574134525788	0.0
7.2161368459167265
