14	0
0.0	-0.12777536148258467	-0.14215813911315528	13.5	-0.9361683281965978	0.0
10.0	94.18064756939411	94.07572779993448	73.65127898904281	0	0.0
7.27714495327199
14	1
0.0	-0.053911068561425746	0.4042337952209185	-3.4410174188590577	-0.28749092897346723	0.0
10.0	94.2820217201749	94.4799615951554	75.84872096554118	0	0.0
7.15445429000969
14	2
0.0	0.009871501306785853	-2.2571174010053445	13.5	-0.42833786136628516	0.0
10.0	94.08559930124127	94.07572779993448	95	0	0.0
7.27714495327199
14	3
0.0	0.007210058405806939	-0.26801346464556974	3.741825072508669	-0.003608855124869501	0.0
10.0	94.08293785834029	94.07572779993448	71.19604331737973	0.0003119823566077487	0.0
7.521116953991885
14	4
0.0	-0.12214381610080159	0.02203085005127454	3.5768185083552684	-0.9572688481392477	0.0
10.0	94.07572779993448	94.09775864998576	71.72756850104909	0.029644302750973517	0.0
7.076713893459622
14	5
0.0	-0.07749488972118376	-0.49324148269926055	8.279115398431527	0.4042334388119296	0.0
10.0	94.07572779993448	94.07572779993448	69.67305987376304	0.4042334388119296	0.0
7.69396964721465
14	6
0.0	-0.041318121960217016	0.043907827848293925	9.65377837191997	0.044878107181312236	0.0
10.0	94.07572779993448	94.11963562778278	74.58402141973153	0.044878107181312236	0.0
7.15445429000969
14	7
0.0	0.01126960815344299	0.15253161408326718	7.322989850160158	0.6237382019337195	0.0
10.0	94.08699740808792	94.22825941401776	74.82986380290488	0.6237382019337195	0.0
7.27714495327199
14	8
0.0	0.051341288479043776	0.22864260684557297	-4.036679309858464	-0.19541105244752194	0.0
10.0	94.12706908841352	94.30437040678005	66.67388510153842	0	0.0
7.27714495327199
14	9
0.0	0.25287383796789215	0.5748226990144074	-0.21116028291013816	0.02255269918172219	0.0
10.0	94.32860163790238	94.65055049894889	69.47280408452093	0.02255269918172219	0.0
7.076713893459622
