6	0
-0.15	-0.07306841223254217	0.012907521412056111	-0.0012508529054728486	-0.0038821351453390803
0.23115470985680076	0.5166556648737108	29.994980047810877	249.99874914709451	99.99611786485467
50.416
6	1
-0.061468424462889165	-0.03614163278877481	-3.2756209829190364	-0.10037046383703137	0.12797325808930102
0.35443600488625204	0.48395721573202566	27.83531357054793	249.89962953616296	99.48928146007951
100.416
6	2
0.0026907589022718685	0.15	-12.0	-0.6274539412336481	0.26488079223293115
0.39749590552705677	0.589843264809415	27.580077881757894	249.37254605876635	100
50.416
6	3
0.03735788260865843	0.09736147276167849	-1.0808219461551247	-0.8743391139422264	-0.0023433681053381156
0.07112348913565278	0.5455500680646763	28.8642106400496	249.12566088605777	99.99765663189466
100.416
6	4
-0.02385379707825693	0.004620329628701504	11.666320402559602	0.9226381759911224	-0.6652860347928797
0.3940570212973574	0.5029549071316542	35.59606981427605	250	99.33471396520711
50.416
6	5
-0.02778458159955417	0.15	1.7296917306496906	0.4168613646553826	0.6232155875367681
0.3866016068151153	0.7259627993053894	31.17038488572812	249.34943077260542	100
81.344
6	6
0.15	-0.0007790000131844089	-2.032998520313754	-0.10229031183884998	-0.05787936622804224
0.5537613623198141	0.4994713678556827	28.767208947356913	249.88251054232828	99.94212063377196
50.416
6	7
0.0068733764185967315	-0.009382691958429541	0.9110388922965015	-0.5360977271134316	0.9300782465433634
0.4033987743854297	0.5021287726326215	30.403710246767634	249.46390227288657	100
50.416
6	8
0.15	0.07177006480416923	0.34703363059912506	-0.16688845911226236	0.29513478474181337
0.4107020284336506	0.5227475848369232	30.100773178582397	249.83311154088773	100
68.248
6	9
0.008934695910369815	-0.0482176537575175	12.0	0.05967176540606117	1.461065679133567
0.40429495411582034	0.49528160909238517	39.31738422399163	249.8459201140989	100
50.416
6	10
-0.0005174056761944501	0.15	-12.0	-1.7390170666406217	0.26628549585633615
0.3996530790788609	1	16.212766018950127	248.26098293335937	100
50.416
6	11
0.020589875661670674	0.15	3.8387449703710637	-1.1374059832362016	-0.6410389225496302
0.4105097925231398	1	31.57127016086495	248.8625940167638	99.35896107745037
50.416
6	12
0.14650033448617789	-0.15	-0.20510955270212833	3.219869376972665	0.153319368716425
0.39158921795570967	0.25278841571987737	29.86842364260868	250	99.98917655044696
50.416
6	13
0.15	-0.030660178358058596	0.002258391288694754	-0.09203396156707958	0.23213195117746982
0.4086966896184731	0.5335350171728513	29.995838543780568	249.90796603843293	99.8725667708861
100.416
6	14
0.15	0.018553036324250233	2.018606355055153	3.325768735246455	1.3232620309323704
1	0.4942979425150068	29.481705097250433	250	100
93.904
