0	0
75.0	-64.36824129513212	663.2338839095281	9.80196254921665	-15.0	-1.3167811037495358
438.12479672240255	135.63175870486788	4515.634934396855	39.801962549216654	0	198.68321889625045
6210.324868348135
0	1
-15.37686913652339	-38.09240514941142	663.2338839095281	-13.5	-15.0	-36.0
376.5224253808629	284.25817960303715	3315.1384719474227	30.36456196086506	16.18150153100396	10
3049.503091469588
0	2
-56.44950404984015	74.94949422589414	663.2338839095281	-13.5	-15.0	-36.0
348.65911394845466	846.681375	4515.634934396855	21.56376556544052	0	66.88911141321832
9130.047409851
0	3
75.0	-112.89085	663.2338839095281	-13.5	-1.7677158885784614	36.0
382.2129077977819	94.07570833333334	2230.674858400815	5	53.10221449498047	68.17387146627524
2331.1674379403094
0	4
-75.0	-24.100285637616167	385.1601035385604	-0.26114595742566005	15.0	-36.0
261.5011172546418	253.5441308026084	1917.1461623337243	83.08126493235326	34.299530810844985	80.76743364188098
2158.843015670411
0	5
75.0	-112.89085	663.2338839095281	-13.5	-15.0	-36.0
330.72229605296656	404.78184230541217	4515.634934396855	5	3.4057457988558184	10
7172.084294787243
0	6
-20.660046551928744	-48.59951103151252	38.83014587200015	13.5	-9.438607700850245	-34.51216596736617
277.4833842396244	335.15498086733896	2678.180906878919	45.407048851751995	9.500525154585368	20.302920813967056
1167.4119677963683
0	7
-62.02353684047485	-112.89085	-663.2338839095281	-13.5	-15.0	-36.0
399.6669711326655	512.8394527320154	1148.8410164497764	5	0	46.79199195654607
5279.303955908401
0	8
-75.0	-112.89085	663.2338839095281	-8.396200697272972	-15.0	-36.0
0	279.82378993312807	3663.6968601128533	56.02588337874204	0	10
7755.463821562794
0	9
62.48117202915868	112.89085	663.2338839095281	-4.494409234226758	-15.0	-36.0
183.9989830600868	766.5372837840791	4515.634934396855	20.34703908387781	0	10
4625.463693149166
