4	0
0.0	-41.720835271877505	407.430549616705	11.446760247899581	-0.5034336	-0.22134968524800003
0.0	94.07570833333334	501.50625795003833	19.116832548089864	2.2445664	244.39169095475202
2359.1392957561575
4	1
0.0	24.180743768029295	-0.7470825338191739	0.5660192438034356	5.428052487236357	-0.22134968524800003
0.0	118.25645210136264	196.65141997297994	7.758777790918833	5.428052487236357	244.39169095475202
1289.254652535717
4	2
0.0	10.002477544494495	-0.7470825338191739	8.650128560414627	-10.459879434735306	-0.22134968524800003
0.0	104.07818587782783	196.65141997297994	16.074256549942437	2.362777560853253	244.39169095475202
1189.750596652058
4	3
0.0	-6.432646616257736	-0.7470825338191739	3.73600055131937	-0.5034336	1.127514981426496
0.0	95.69085071117513	196.65141997297994	11.928066409712311	2.2445664	245.63346285833697
1836.2170874851354
4	4
0.0	-0.690828231089345	-0.7470825338191739	-0.45309024	-0.5034336	-0.22134968524800003
0.0	97.25388433085794	196.65141997297994	11.288604403778795	2.2445664	244.39169095475202
884.4515524568144
4	5
0.0	11.000404101182458	-0.7470825338191739	-2.020709045371995	-0.5034336	1.5908475856908244
0.0	105.07611243451579	196.65141997297994	10.02895557291134	2.2445664	245.92487340793562
2398.3777591213066
4	6
0.0	29.65921824417866	-0.7470825338191739	1.420286889334399	5.643715356865121	-0.22134968524800003
0.0	123.734926577512	196.65141997297994	8.924843603806274	5.643715356865121	244.39169095475202
1200.5810011674366
4	7
0.0	13.30510054477529	-0.7470825338191739	-12.074853581226899	-0.5034336	-0.22134968524800003
0.0	107.38080887810862	196.65141997297994	6.441287750429558	2.2445664	244.39169095475202
1531.344
4	8
0.0	-17.46096749901912	-0.7470825338191739	-4.768744223961783	3.247788979323998	-0.22134968524800003
0.0	94.07570833333334	196.65141997297994	15.46973927114037	3.247788979323998	244.39169095475202
3534.717524561349
4	9
0.0	14.463229883304285	288.0626119563208	-0.9640722451861825	-0.5034336	17.516400574524603
0.0	108.53893821663762	411.8453789451795	10.790494777758235	2.2445664	250
1649.1390016665716
