43	0
-0.0756336736080553	-0.03411576966834938	0.004645867744915962	0.005522700895722541	-0.022131366070898533	0.00043877482176016627
0.6218026059003186	0.4202330666953994	0.1952385714741603	0.02922316727402094	0.0024984341132393527	0.0016943966728126627
0.6397915941192418
43	1
-0.009935893417570906	-0.06175236988167642	-0.0006035662527064364	0.012041131656514537	-0.1587727079492305	-5.809167746975016e-05
0.6572141829861092	0.3988764752047243	0.1866884414267236	0.03202100089637483	0	0.000982139189010506
0.6247717829693209
43	2
-0.0036693908643163913	-0.012234884729877672	-0.002786993088260169	-0.0005663796443123432	-0.011569002329412496	0.0009061585438086565
0.6645186476588844	0.4352765899491788	0.1848310834649219	0.023683625294607876	0.012413566250249957	0.0018740330681112224
0.6334189657060088
43	3
-0.005881175547417934	-0.1141965733540203	-0.0556742858195829	-0.011225965231393905	-0.001041176838227431	-0.0049123306220143995
0.6623886942478803	0.4401747946272017	0.1584904436597918	0.027758953456906463	0.01449028603039073	0
1.4204727190073008
43	4
-0.018473406322793137	-0.016262813386486632	0.004914683872882793	-0.013214463010339789	-0.04597012876774092	-0.000909804498421623
0.6857956811423398	0.43944827256266633	0.19019189584907503	0.026632012813007436	0	0.0016223219731848772
0.6601420062520449
43	5
0.001419986104319839	-0.039604198828600896	0.1145904759183847	-0.013018002481844204	-0.12084332144919796	-0.0046308813392349785
0.6653387472761544	0.41450976031276654	0.25256602541647943	0.04637175982180024	0	0
0.6269464536242628
43	6
0.11831041798153036	-0.014292855868497063	0.028070136502183943	-0.004024269113540718	-0.0031343265984482664	-0.004964710666695324
0.7441282393371031	0.44550768351207876	0.2026623529456083	0.02938264742161199	0.011603174294726841	0
1.0279327009380617
43	7
-0.0011726452778159247	0.000319766008015099	-0.006965406413721949	-0.010953378709023963	-0.037233057540263244	-0.0016825307025516497
0.6641566121536123	0.4418510944540339	0.1824013669514545	0.034317230887429426	0	0.00031139001815312585
0.6020029429774758
43	8
0.00017276448981373403	0.0006129645305808005	0.00019389330215154496	0.000905527576639512	0.0003532608454806403	6.079360642782214e-05
0.6647053979463224	0.4418545075997355	0.1871824870401157	0.033616428100414895	0.014895643668731575	0.0015403199351307075
0.5875329820145226
43	9
-0.615243485097096	-0.011378559922580219	0.20091720565253696	-0.015088007925189746	-0.012076707789924052	-0.0014526775582216522
0.2519470784143232	0.45029746903908746	0.297396962320728	0.041166041873153085	0.00940993158884457	0.002812588464646753
0.7185269043851019
43	10
-0.0014167389154449285	-0.036751712531872475	0.05411809201675838	-0.03955912842886336	-0.09340718133183862	-0.0056926373319942025
0.6635527945380083	0.42406408430103254	0.07523435169130019	0.031705976305559644	0	0
0.7879487793538084
43	11
-0.0002391682883396742	0.0010681620860704707	0.04605151284803894	-0.0031051537557963585	-0.0030092115318459986	-9.43035249514466e-05
0.6646181705706549	0.4370920702437673	0.2099450593473723	0.034784006463625755	0.013621995758031306	0.0008986541506631097
0.6184187968919462
43	12
0.0016213347215872419	-0.00931961311299075	0.0033717557170593188	-0.023295624382573314	-0.007455360653497091	-0.0012304566817097555
0.6650732405350681	0.43855483097457787	0.18654682001791273	0.0276371117678169	0.01176708598765321	0.000644573196783764
0.6408701279223102
43	13
-0.01593136723433037	-0.05792233572046036	-0.0009019391976133488	-0.10970803896249487	-0.003637622024942766	-0.0018098557532767255
0.6702766864212247	0.4034385323877606	0.1875192570586307	0	0.014002583754533279	0.000422402455615334
0.6144632673209759
43	14
-0.0026567514535780737	-0.06588346826251704	0.12219811652659995	-0.0022269751361191662	-0.014034700422581125	0.0003722738543163196
0.6631076256682148	0.39517941126389744	0.2620169851315385	0.02955321855597735	0.006016584406355373	0.0014988977391891963
0.6742271066140717
43	15
8.291280176568638e-05	-0.009081712574351171	-0.046148230215700775	-0.04628531526635264	-0.007026604541060197	-0.0005824413307888208
0.6643766579827636	0.4365330889028442	0.15472662938142437	0.0429147575813222	0.015944964985111075	0.0016735601098965694
0.6108466484357636
43	16
-1.0859338653671577	-0.019290377694366537	-0.00511406021125904	-0.03168301949485444	-0.009588057233096877	-0.0025503930425783447
0.10610575710526371	0.4642533629416186	0.18759398787409365	0.043331153335706044	0.009102120016554175	0
0.8764542781228087
43	17
0.18326411999136283	0.020528376202849183	0.04524478172567719	-0.02036544174583394	-0.002260678589020708	-0.0006864352075646115
0.7980239863241789	0.4459955566112215	0.18250275977434602	0.027719149658468355	0.016993826869902563	0.0022220924824349385
0.670337589042638
43	18
-0.002740546630118507	-0.05545253893353512	-0.013219356922433107	-0.057865914261881785	-0.009627450809814803	0.002166680493362126
0.6631791333992956	0.4065648818411877	0.1787465956888066	0.022320164578064128	0.009033086289440091	0.002708934966640577
0.6051811325294666
43	19
-0.00979650901568316	-0.02863170306236525	0.0001030277592944206	0.0034208367105256305	-0.0025449038749907594	-0.002897515471803522
0.653540105267753	0.4213469986906833	0.18707532378825528	0.015158682019915111	0.012880512465242362	0
0.6377544799276639
43	20
-0.002053106252494926	0.0002239720084387766	0.11867327251518894	-0.012644772084608472	-0.021264812713507476	0.0014199472914168199
0.6631100702846587	0.43864903056621746	0.25450496573578446	0.023312041306272305	0	0.0023453429126530827
0.6572611826883863
43	21
-0.00493846861980192	-0.03744276891360588	-0.0016924956003049481	-0.008625661343900151	-0.018293951846191082	0.0005461116704051259
0.6651823598309083	0.41694692305520487	0.18946985130962896	0.034946693609238126	0.0060001510815583005	0.001540360571060158
0.6008638359140733
43	22
-0.07837170937515307	-0.009611609193520807	0.00037632518464386086	-0.009963241752460484	-0.00898569958255519	-0.000524835345909689
0.6094293786790285	0.44073401591625516	0.18664455088239898	0.032406565990111755	0.012741521625978221	0.0014152996340403689
0.6122530784009236
43	23
-0.0005268526746101029	-0.01407931022082499	-0.0015155539879706992	-0.0019265114394916797	-0.011926402154401407	-0.004905626834415471
0.6640863340145855	0.44620063820077993	0.18673870092583827	0.03087090452102783	0.006646104205356215	0.0002913401653725006
0.5987158616703373
43	24
0.0035097354254643174	0.0007619921234006805	0.029781380018399844	-0.00791262172877308	-0.024636789257421424	0.00043172413321941215
0.6673883950498225	0.44058936549997746	0.1981921914258391	0.035541260457229454	0.010469576863835837	0.0015103005551642692
0.686687148393487
