0	0
73.5	-51.0	447.0	12.0	-14.25	-36.0
500	10	1665.919162601488	90	5	132.31066445407947
6210.324868348135
0	1
73.5	-51.0	-398.9559259149747	12.0	-14.25	-2.0350923176439437
483.33641024713904	61.60924277946303	1041.3029974590454	90	56.730767804550716	129.08975307852972
1523.4701700175788
0	2
73.5	-51.0	128.38847716747458	6.240261076901915	-14.25	-36.0
487.35382668204835	10	1072.6282337390858	74.6268009377122	5	78.79988964851448
4185.572883970679
0	3
73.5	-51.0	207.23107052399587	-4.168735117045334	-14.25	36.0
500	10	1003.4981554920349	70.23349104399645	22.662038310104506	250
1210.6230523240072
0	4
47.885561877691664	-51.0	-333.25487263243315	1.7157554123406324	14.25	16.48299821199481
481.6869496240821	32.97233644441689	655.8541283547893	81.353453981033	38.523838900962204	162.68557596095604
872.731638178863
