3	0
352.8982016788378	0.4599364771959331	51.54096967605576	14.470173169280462
539.2087496435547	9.42429980957922	251.77962526055506	95.21146332806555
7513.470666666667
3	1
450.0	15.0	150.0	-1.32711264572594
1360.8755371207487	28.598684899308516	535.9648149577879	83.31748555323225
17011.176
3	2
-18.690034972212146	-3.598588153963163	150.0	-37.5
440.8924490308657	8.715612509389938	356.73105068780893	84.89082459114911
20987.216666666667
3	3
-206.0982120681754	3.511061901077639	-150.0	-37.5
363.37354336991007	9.078199973291728	0	34.94711161931343
12030.511333333334
3	4
450.0	-15.0	-150.0	-37.5
1303.1183545340705	5.499252893147666	136.13193154048327	55.18454685997963
14886.680000000002
3	5
-450.0	-0.10839262507927305	37.4348226607041	-37.5
0	11.305832712851164	127.43601053259246	104.52701368762672
8680.74
3	6
-8.352628769349948	15.0	100.10852283712856	25.8787525835183
389.6363957459333	37.71041192582706	226.42544856700292	105.62980569147629
2335.3153333333335
3	7
-119.77972914070045	-15.0	-150.0	4.824613076124615
467.77058356761603	0	61.82073408161693	91.71929182414176
2122.616
3	8
450.0	2.4608262329556814	-48.15012216329029	8.72745064863547
1023.3310333493159	8.759287129983218	292.63072922989426	84.62511863513168
10508.371333333333
3	9
450.0	11.466826520077774	13.041358164503896	-37.5
628.6062584328408	11.466826520077774	282.21888590390813	72.31536153261113
11545.344666666666
3	10
450.0	-6.798109054923222	12.229602772212814	-37.5
860.4351880224074	16.97073238926521	234.32332894797528	0
10341.946000000002
3	11
450.0	-12.167363334062845	150.0	-37.5
589.0646583234745	3.1760516936542054	459.2963940276437	0
8290.689333333334
3	12
202.6055780600591	6.286920088494204	25.227868575130056	-16.28902817911189
387.531633884804	6.286920088494204	248.59456097673785	81.28504953047324
12669.826
3	13
143.4868294772242	8.791060144171915	-150.0	-7.181278775333482
143.4868294772242	10.272907985291894	0	140.22083056120056
86.39333333333333
3	14
50.54368870520318	15.0	150.0	-37.5
492.82042130796333	23.059787243977052	358.24510258187894	7.360424504807213
22259.30533333333
