26	0
0.08245935665400729	-1.7757721506377588e-07	1.2920760464664242e-08	1.1160546814879169e-07	3.7673929682970775e-07
0.44609119921794593	0.49999971954933525	29.999999989335475	250	100
50.416
26	1
2.5073105174099415e-05	-0.000249390278126915	0.0011142586300365745	7.1509628093338715e-06	2.525647672726587e-06
0.40001291672329514	0.4998469165298372	29.999873889059295	250	99.99999985776901
50.416
26	2
-6.501009897212592e-07	3.2570821409494494e-05	0.7511222455407801	-4.526237827063858e-05	6.552646534600512e-05
0.39999971005255097	0.5000130777610721	30.41481301479913	249.99995473762172	100
50.416
26	3
1.1010606090651667e-05	-0.0018329058026736842	-0.0027652622070876683	-7.103201768159262e-06	2.9766617363518812e-08
0.4000057398020308	0.4987548936461166	29.998425815711023	249.99999289679823	100
50.416
26	4
0.00025666571667878034	-7.235613836492696e-06	-4.322926581730023	3.562836473910819e-06	2.566352443666561e-06
0.4001645749039595	0.49999682250436045	27.16623346888845	250	99.99998576426852
50.416
26	5
-0.0034621234165396766	-0.00011135864329226643	0.023294840422654915	2.932003445366504e-05	-2.755337069890379e-06
0.39831613518654874	0.4999756559514589	30.01369191896335	249.99997117173595	99.99999724466294
50.416
26	6
0.026935883931078465	-1.9930548943329353e-08	0.1245621060294618	-1.4344991277542647e-06	-1.0062562848718847e-06
0.4136636681546068	0.49999994764264283	30.00322830971811	249.99999856550087	99.99999899374372
50.416
26	7
-0.0035859316651765663	-3.971747880708349e-05	0.0009355913003398157	5.4876899788634136e-06	6.067219816178998e-05
0.40296136142570593	0.49998866768015765	30.000623442952136	249.99999617485716	100
50.416
26	8
-0.002169866509350588	2.2423368585895253e-05	-0.0024145995269450335	-5.088369495632067e-06	7.690191381140076e-08
0.3990084105687359	0.5000166336338875	29.997803625448185	249.9999949116305	100
50.416
26	9
-6.753677766646717e-06	8.567025318890811e-06	0.004175418299552824	3.728037730510667e-08	-1.1092083571468465e-06
0.39999554509750873	0.5000021640851942	29.997606266154563	249.99999997038375	99.99999889079164
50.416
26	10
3.764110303487191e-06	5.361542295261907e-07	1.9001187143093872	-1.2119372891389774e-05	8.729557342509786e-07
0.39999324081990223	0.5000003525275201	28.408509884091092	249.99998788062712	100
50.416
26	11
-0.057913062353703706	-0.018346459313690378	0.0001741070257298993	-2.415580222360982e-05	7.087848854441016e-05
0.39954842719051864	0.488222886581567	30.000003503863706	249.99997584419776	100
50.416
26	12
-6.600568515598638e-05	0.001684371279084591	-0.0021950235536605986	-1.8975602413822792e-05	-2.1259815716536547e-08
0.3999630584337265	0.5008490628660844	30.000237097479623	249.99998102439758	99.99999971108508
50.416
26	13
0.0006194454164641081	-2.7959729792159476e-06	0.00017211877361998493	3.957776189223606e-06	2.7769061076364945e-05
0.40020690841038625	0.49999878017413385	30.000377145534813	250	100
50.416
26	14
-0.0002574920180611934	0.014383541532059677	-0.0007891991421286116	-1.3072130583768397e-05	3.744908150767378e-05
0.39989641153684846	0.5076206082409265	30.000543908958182	249.99998692786943	100
50.416
