9	0
0.026425027606892637	-0.003032140177376571	0.00025981475971191906	0.00046622831697306174	0.004800355589797336
0.4130718295695186	0.49960902048901307	30.000311880364286	250	100
50.416
9	1
0.03474767640107748	0.04391221894960607	8.242348144981941	0.12873231846807004	0.07649450032941674
0.423284129114448	0.4698307299342961	35.6182151157562	250	100
50.416
9	2
-0.0008024710332050245	-0.07075204275028603	1.1897490693301334	0.930839419085741	-0.018739357071294763
0.3995540480255645	0.45848965465119096	30.65433677255217	250	99.9812606429287
50.416
9	3
0.15	-0.15	-1.5880559807606747	-0.016625315628049978	0.000618922051311847
0.581027689946423	0.27812598211698936	29.197756527228115	249.9592497861903	99.99987287896651
100.416
9	4
0.06134919192707975	0.0006937402072981344	-12.0	-0.05593940053196487	0.16855582762630955
0.4325628362556783	0.4985739627810251	10.603105241488727	249.94406059946803	99.96352326343263
50.416
9	5
0.10108801547504238	0.15	0.5309887828684426	0.567960124270613	-0.07001993614565034
0.45676571341453304	0.7971352292349334	30.24259489349128	250	99.92998006385434
81.344
9	6
-0.07287714697596814	0.00028395753400032507	9.057901451915566	-0.0471061848208275	0.07901860372541768
0.49085845628645297	0.5001468662410111	34.502489759855685	249.95289381517918	100
50.416
9	7
-0.000997378970873702	0.010087683207712365	1.0396227041332835	0.44562354495697665	-0.0727003758438444
0.3994121067236194	0.5051604581292461	30.67383291157356	250	99.92729962415615
50.416
9	8
-0.054634641551464656	-0.0034532361459871713	-0.3861149371419267	0.016782656346315195	-0.011417164633006842
0.3809884274554795	0.4963885500226696	29.720951550229522	249.93521485729627	99.988582835367
52.128
9	9
0.0013429541587359928	0.0053168570203788665	-12.0	-0.008307953308902532	-0.16454882143443594
0.4004138376654299	0.49665323412312173	15.876994503829714	249.9916920466911	99.83545117856556
50.416
9	10
0.0006077699880146792	-0.0023659894890290588	1.01879862268442	1.4129321401331973	-0.014720915591249413
0.39926888424185963	0.5066024636802422	36.136452635799905	250	99.98527908440875
50.416
9	11
-0.06113052755860144	-0.07692783362367552	-0.5429982078932536	0.8408617612264824	1.0878114890782082
0.36040107884597194	0.45801235053964406	29.63855173404226	250	100
50.416
9	12
-0.0433891850001264	0.12710632927148083	-0.0037452590012223195	-0.12700033392082397	-0.013627649365693299
0.39190580799245406	0.5169326544964722	29.996878823765893	249.87299966607918	99.98637235063431
50.416
9	13
-0.03403298571886386	-0.0310879282109179	0.01901826574124632	0.049542408666155474	0.038104309613526004
0.3806283297669838	0.4793618263384821	30.01370834775137	250	100
50.416
9	14
-0.15	-0.03438155322085676	-3.0792973316027497	-0.16177587251810416	-0.13206086459664612
0.3964482328380282	0.47651155391399047	28.434201984866146	249.8382241274819	99.86793913540335
93.904
