14	0
0.0	0.005258842155252621	0.29970437371119174	-0.85186810191792	0.528610446025475	0.0
0.0	56.658322540865086	58.26710528270128	12.073842403006676	0.528610446025475	0.0
46.43603705327355
14	1
0.0	-0.4329177423585026	0.1259257135080194	4.308840993788478	-1.7045293931178238	0.0
0.0	56.445436679960686	58.14647101868631	13.886633042086263	0	0.0
39.03468640493837
14	2
0.0	0.6747695997227848	-1.2199129995210582	-0.06415271602612309	-0.885047355764566	0.0
0.0	57.12020627968347	57.62331953255567	12.854890088803135	0	0.0
35.33870252240143
14	3
0.0	0.5791018250958003	0.628471876082704	-0.44360949502706754	-3.7805226104736462	0.0
0.0	57.02453850505648	58.70822851051642	12.482367375473595	0	0.0
59.42200771456046
14	4
0.0	0.22206152602423523	-0.1886977143453838	2.6860207278677803	-1.1804629786038436	0.0
0.0	56.66749820598492	58.439556021573814	11.76722475172976	0	0.0
38.1694523562236
14	5
0.0	0.5572866149144912	-0.7912026915322627	8.623994556794871	-0.7943687887970907	0.0
0.0	57.002723294875175	57.824609004443545	16.11641773574224	0	0.0
28.165651333059508
14	6
0.0	-0.3574003308811413	-1.1509145999865373	-3.1065516572085468	-0.11388113092559018	0.0
0.0	56.905677569372386	57.6091381433014	10.597364604293068	0.28388775377274955	0.0
39.34112620366315
14	7
0.0	0.5692329014691109	2.2240944772945785	-0.2738125067342799	-2.404967045867802	0.0
0.0	57.02504260034918	60.01836302168942	12.473851669643121	0	0.0
30.85607322133789
14	8
0.0	-0.009963019142203539	1.3145740834587856	21.0	-0.08674265532825756	0.0
0.0	56.63484359334195	57.76001076341947	29.871286945152285	0.10929255897912399	0.0
42.875362078095684
14	9
0.0	-0.5362618568158868	1.671314483474315	2.4302121975516715	1.4774249828870183	0.0
0.0	57.38880873228191	58.116751163435	14.38024413602994	1.4774249828870183	0.0
45.21770907125902
14	10
0.0	0.26289369912185256	6.245288723902496	-0.07051628587097335	0.7538037939682163	0.0
0.0	56.70833037908254	62.69072540386318	12.848201793069522	0.7538037939682163	0.0
55.670328502168886
14	11
0.0	-0.4139261293550951	3.1873429016054198	-0.6428887143771703	1.2141505535598123	0.0
0.0	56.445436679960686	60.35980965865027	12.081199147595079	1.2141505535598123	0.0
76.0057257732756
14	12
0.0	0.03342256036049357	0.7606593236065134	-0.14812575623952226	-1.6583704045813565	0.0
0.0	56.65758671058706	58.68427592754427	12.485541749916296	0	0.0
72.74163474730315
14	13
0.0	0.7934150827819417	-1.6288131400087964	1.2728165383709025	1.2204605799312713	0.0
0.0	57.23885176274263	57.46663205056681	13.353971148417045	1.2204605799312713	0.0
71.84722561890976
14	14
0.0	-0.01037144622543613	-0.09446949245748659	0.03476258893717587	1.0908108874330036	0.0
0.0	56.64250266970513	58.31249083097711	12.625601219130662	1.0908108874330036	0.0
25.940597768625928
