16	0
0.0	-0.3592471087293987	-19.50853599191439	0.02047194521155704	-0.021427560112281637	-0.18079651769909283
0.0	97.89171708637568	186.48695702514172	11.225367664652243	2.7344840388625107	244.49571262429754
1161.6782695952063
16	1
0.0	1.4649443726893474	14.206737958261261	0.2490557489783174	0.6282524072730717	-0.027609279081267646
0.0	98.9566741401673	203.74984757620965	11.856937353715423	2.8851497788266185	244.5950040351962
994.2914794646102
16	2
0.0	0.7840891395547045	2.5272244671094986	2.3877371204091613	0.6735899919993498	-0.025732841985767717
0.0	97.00391146858576	199.03030110332844	11.058534433109008	3.2239171529917527	244.59520708801097
1050.1176079883382
16	3
0.0	-1.0853357104375798	-0.1714028967305089	-0.293873928405281	0.0061311836789095945	0.00040893473274960563
0.0	97.36884996831984	197.63771312629643	11.537084871756566	2.751437480791292	244.61328686025197
1004.7002365761346
16	4
0.0	-20.90017580870475	0.11760566626192895	2.12216002364928e-05	-0.41519224156779905	-0.0721739100020662
0.0	94.07570833333334	197.3710403940508	11.741741845694746	2.477049693340949	244.69020895108244
884.4515524568144
16	5
0.0	0.00730878050739093	0.0049823773560809925	-0.3839914971691638	-2.7987080524093577	0.0073986838888617235
0.0	97.95543947941212	197.40055883115434	11.465524867552908	1.0494548595721591	244.59593099799602
1137.5024361153612
16	6
0.0	-0.17455626054469628	0.012911256107996042	10.104124738488922	0.9646259412410365	0.02133501458195163
0.0	97.85498101705778	197.39832501164645	18.099154605806056	2.453804362756518	244.60123363802205
1200.5810011674366
16	7
0.0	5.0102944261485245	-1.6505449202809608	-3.4211431451904297	-0.0018786244340901178	0.01563783513336279
0.0	100.19316237303602	194.35225564960848	10.539122832950055	2.746524563543247	244.59346034717387
910.1717104564597
16	8
0.0	2.0044413461533646	-0.05990669676783604	0.317467745889489	-0.6640529465592198	0.04160705515980136
0.0	98.9088579515873	197.44862820615518	11.863572068793223	2.3193538112080447	244.63425119161295
1398.246199546901
16	9
0.0	-3.0303717147497746	75.28768748628622	0.38266778599461415	0.11713263616471485	-0.08128726199739564
0.0	96.49740646168581	243.80313811692147	11.905669495512123	2.829128409879862	244.5988905351744
912.4974522892558
