1	0
-35.02421892390611	9.3432	-447.0	-12.0	2.6106	2.9003562411580868
464.9757810760939	19.3432	436.0061919862833	68.60867462049217	7.6106	135.21102069523755
45.64292233245684
1	1
-11.093715235486213	-25.338872571919378	166.75587074045978	-12.0	-14.25	-36.0
472.2426950116528	36.27037020754365	1208.0588681995052	66.92053147919805	16.43160925380694	25.63744658456652
557.2790133084671
1	2
-13.4652	9.3432	-23.520769017081342	-1.143215829288431	2.6106	6.5952
473.88862668204837	19.3432	1049.1074647220044	73.48358510842377	7.6106	85.39508964851449
27.745102139319954
1	3
-52.47292247306345	9.3432	37.5544870721513	9.130948341425443	-7.243076266192947	-36.0
447.5270775269365	19.3432	1041.0526425641863	79.36443938542189	15.41896204391156	19.452613181264525
89.82838589959714
1	4
0.4252482545888032	-16.840167470346813	394.80558526271295	-0.5812939608471952	-14.25	-36.0
482.1121978786709	16.132168974070076	1050.6597136175023	80.77216002018581	5	84.47223434544156
239.26279287145832
