6	0
0.0	-26.34196247627618	13.493785339042795	-11.636104511886934	1.0597489732506413	0.0678056638988962
0.0	94.07570833333334	231.2942498045603	5	3.4027692903336524	244.59923043037065
1506.1621281664372
6	1
0.0	13.580010986434939	-0.9675962980166668	4.056204161672293	8.862297490047425	-0.3385919249022389
0.0	107.65571931976828	196.90239457184836	13.012084115426873	8.862297490047425	244.4155850496665
1289.254652535717
6	2
0.0	5.232026780434763	-0.33240918674612197	0.9233711774363913	-3.945664552389376	-1.0145001889724319
0.0	100.26083513712537	197.7064053979835	12.62520233980337	1.237683675233006	244.025236267372
1189.750596652058
6	3
0.0	0.584428274926549	0.966371467276009	0.26953096402268684	-0.3246665035906784	0.8066951099504747
0.0	97.77383805966824	197.92712201187965	11.08219015264013	3.31187883366767	244.73395319915446
1004.7002365761346
6	4
0.0	-3.81694557027984	-4.930383486461116	0.32344191641997383	-0.6916400778125805	0.46930223644083857
0.0	95.25102126606369	194.04950744485046	11.806597581007878	2.857867623967103	244.92934221929156
884.4515524568144
6	5
0.0	7.257533743952868	-0.5209323490908637	-3.1388984478552606	-1.5233113863782504	0.5567766194967614
0.0	101.3332420772862	197.02932495872713	10.305032888596774	1.6827804026540716	244.94833241605468
1437.429347423326
6	6
0.0	6.773795597547499	0.07775709750189337	5.751065992645784	0.9548827482534112	-0.9755904150706515
0.0	103.59471805250838	197.14911500492966	15.304773242401875	3.2657277437654804	243.97661617092598
1200.5810011674366
6	7
0.0	7.2641975764081215	-3.054254963092422	-13.5	-0.5378806346676472	-0.32323402409508184
0.0	101.33990590974146	195.27228621463874	5	2.8831855510173505	244.5756575487163
1105.9062392637202
6	8
0.0	-18.801266056828926	-0.11187177034350392	-0.10719231227889636	1.9202434109486997	-0.11549408388813512
0.0	94.07570833333334	197.23336211694655	12.823663343703883	3.2815070404051263	244.54836367690245
2315.7726180903173
6	9
0.0	6.772649240324105	255.1706340177052	-4.275475358148987	-0.9431212386350939	17.011607779186974
0.0	100.84835757365744	349.24634235103855	9.013967306431866	2.638477295706775	250
1282.0882111935987
