19	0
0.017985833019489923	0.0001394141383699252	-5.253278307026517e-07	-2.0492667881243083e-06	7.596995154205785e-06
0.4042909003285813	0.50008300453063	30.00000002617217	249.99999795073322	100
50.416
19	1
0.0007954989018684746	-0.002351717264201525	-0.09593387084356633	-9.460225120588868e-05	-1.1267587077408076e-05
0.40047171457090064	0.5033901833335719	29.963272748254596	249.9999053977488	99.99995990076157
50.416
19	2
1.0710330578315673e-07	-1.6352712075114502e-06	0.48838723084679225	-0.00195752446220665	0.00024431782656496055
0.3999991728835957	0.4999985751585658	30.347201959969162	249.9980424755378	99.99962324280331
50.416
19	3
-0.0008739156868092779	0.008101767643849376	1.560926826089792	0.00014624395718778298	-2.749238184733732e-07
0.3991876343735794	0.49771929541754106	30.121826840332496	249.99995653843223	99.99999972507618
50.416
19	4
-0.002083158615174957	0.0003004559036161385	-1.602751366572638	0.0003210710577105937	0.0015432360884678584
0.3985400417452357	0.5000790426555937	32.7609984579386	249.99994554592405	100
50.416
19	5
-0.00024413053787724324	0.0015017897070471614	-0.11488246064222321	0.002194312890955519	0.0004826853102980586
0.3994876135213749	0.5005573001723306	29.9452794632086	250	99.99970145609916
50.416
19	6
0.15	1.6060565526747164e-07	-1.769598924744431	0.0005797135628026408	0.00022324266002069046
0.7523733095323684	0.4999999670089811	29.596055386522202	250	100
50.416
19	7
-0.0054060084317380745	-1.977966311561769e-05	-0.023611605046780657	-0.00015668378350376685	-0.0010968802105869983
0.3964177779487575	0.5002342760275175	29.997556890975876	249.9998433162165	99.99890311978942
50.416
19	8
-0.15	0.00037095971262994005	-0.32571248054773017	0.0005928848687702941	-1.4832763562859317e-06
0.27724421920299236	0.500193044939073	29.869015607583727	250	99.99999851672365
50.416
19	9
-5.3094010133613685e-05	0.0010979510702816056	-0.022084196286785825	7.420499452615318e-06	0.0005274494409240274
0.3999642104634048	0.5001893645804857	29.98721241166411	249.99999549317965	99.99984710546308
50.416
19	10
-0.000875958974917253	-0.00026888149004489236	-0.22168348922511105	-0.0011065213413013252	-5.0129903072105066e-05
0.39938958144995534	0.4997584930571971	29.837388014075223	249.9988934786587	99.99994987009693
50.416
19	11
0.03638027472540098	0.10732064167285293	-0.04546990833484246	0.004080146208217221	0.005918502005941186
0.21158151277197504	0.5338567850802449	29.98233077913476	250	100
50.416
19	12
0.00990414680643755	-0.011268594828875943	-0.0016464884541296048	0.0009105546830270212	-5.2193275182804054e-05
0.40694053694886695	0.4911018995756156	30.000876581152603	250	99.99994780672482
50.416
19	13
0.0014018647877997498	3.0073731966190908e-05	-0.0030500602423411405	2.9849082324873072e-05	0.00029798209995505136
0.4006013796815744	0.49998361106742933	29.99883863789234	249.99998006548878	99.99994587340187
50.416
19	14
-0.015267642863522418	-0.0007267021673579915	0.029208415835727024	-0.00026333250819563593	-0.0008306125860429782
0.4089647968775524	0.4997270928731193	29.99990337313718	249.99973666749182	99.99916938741396
50.416
