0	0
21.0	-38.11810726746209	447.0	11.977964143089427	-14.25	7.5
126.50393718394763	161.8818927325379	3000	41.97796414308942	5	209.35270357782804
9365.044163730541
0	1
-4.613060740957025	-14.162653447123088	447.0	-12.0	-14.25	-7.5
112.95672761425887	98.96367341971224	2192.783389273134	33.05413550146229	19.621771313519943	200
7203.280248565039
0	2
-16.934851214952054	29.1046187160544	447.0	-12.0	-14.25	-7.5
104.59773418453639	345.8410418655125	3000	24.497630574448188	5	200
4788.0115538393175
0	3
21.0	-51.0	447.0	-12.0	-0.765423739133567	7.5
114.66387233933452	10	1465.1706761291634	10	56.36101012524742	212.58526827229687
4481.557007108879
0	4
-21.0	-5.3201674523767934	264.4080639138541	-0.12621891201165725	14.25	-0.5832814378124915
78.45033517639254	87.60953068924807	1253.5170649010765	79.51147965668072	38.35317753071449	227.79225559322109
1935.7498099262518
0	5
21.0	-51.0	447.0	-12.0	-14.25	-7.5
99.21668881588994	150.84548266136034	3000	10	8.074944047343621	200
4590.629174294122
0	6
-6.198013965578625	-20.09000004403	25.79713358328871	12.0	-9.438607700850245	-7.5
83.24501527188731	120.77638958667455	1761.2371557946565	46.75231205743474	13.553568511813587	200
1437.2036106090104
0	7
-18.607061052142456	-51.0	-447.0	-12.0	-14.25	-7.5
119.90009133979964	196.51055388366282	735.8365163018143	10	5	201.15291583187917
3743.4632324406675
0	8
-21.0	-51.0	447.0	-7.435695928695434	-14.25	-7.5
10	88.94115774778936	2427.6125882082615	55.38393436109568	5	200
2968.440814060175
0	9
18.744351608747596	50.331499647313436	447.0	-4.397400000235285	-14.25	-7.5
55.19969491802604	309.0378347162017	3000	23.239442949190995	5	200
6132.815402967996
