8	0
0.0	-2.4265741909616634	-54.206570949420836	-13.5	0.36164566479680577	0.007525924630229207
0.0	96.73036731332333	170.90819673426697	5	2.964759745622833	244.6034616874597
1351.6639069170637
8	1
0.0	11.822704992944885	-0.2732718243430175	4.6245770365072145	4.065758324466172	-0.5970866400797553
0.0	105.89841332627822	197.70255468256445	12.966922919567153	4.065758324466172	244.30985844974848
994.2914794646102
8	2
0.0	3.9008041056959746	-1.0491659746381914	2.466307688817908	-2.515074613815643	-0.4081453370028482
0.0	100.7590890831892	196.70920276725013	13.329677782211938	1.1959991149819214	244.40885473662985
1050.1176079883382
8	3
0.0	0.13809595660369528	-0.5236191595714614	-0.5352289017275107	0.1809352294584753	0.8986847986960179
0.0	97.80541904433095	197.15290879054075	12.45363874217069	2.6877874771999997	245.16906165871825
1004.7002365761346
8	4
0.0	-6.085518613857207	-15.790406746653192	0.03630210830023402	-0.41854128900520593	0.3392187388830956
0.0	94.58312296171647	189.31334722439976	11.74846316080302	2.510846495443084	244.67391804617336
884.4515524568144
8	5
0.0	3.1110648913619166	-0.1385122158352716	-5.683297556934233	-2.906420014608229	0.4016518181001909
0.0	100.24086339245054	197.49132744951206	8.488306545684207	0.8838868486310534	244.18856961852674
1437.429347423326
8	6
0.0	8.681013393607314	0.1290456918838995	12.36869911721384	0.5810523660069424	-0.9900765643270886
0.0	102.75672172694065	197.38754053772936	17.36869911721384	3.0754891662048918	244.30588665251287
1200.5810011674366
8	7
0.0	1.1571561805463593	-6.142528405853768	-13.5	0.04564804180888292	-0.03473080603649628
0.0	98.69258955713741	193.27941468618693	5	2.756522790184698	244.68734236660544
1105.9062392637202
8	8
0.0	-9.705434562133632	0.009228875158201177	2.2912044840495716	1.9003990299378388	-0.14702351653457751
0.0	99.48204655156303	197.30415310069796	12.565432457805073	3.9636756576691328	244.56801159112288
2315.7726180903173
8	9
0.0	6.185655370832227	341.4825619359884	-11.84268333854294	-0.43424931933986827	-3.8214896551754034
0.0	100.26136370416556	435.5582702693217	5.630506050305478	2.5901061683126976	242.54393196832248
912.4974522892558
