10	0
75.0	-4.099970705834569	331.28814403989645	1.6015504125107154	0.906825143104945	-1.2838484628567475
449.3936406396019	94.07570833333334	4515.634934396855	6.601550412510715	2.2590454852448403	10
51.91468013722214
10	1
75.0	6.278612985539389	497.6928325986666	-0.22204186700038986	-0.19238247185694987	-1.5289752484279389
195.63216717292613	100.35432131887272	4515.634934396855	6.584403255270273	2.408922343817262	10
50.70961913895804
10	2
5.5994421904839315	0.592800449543399	19.95801536530285	-0.009585082187162816	0.40640348967235923	0.32702910247906825
208.72488808339696	94.66850878287674	4377.488846948786	6.477945950868185	2.9931486256127546	10.327029102479068
48.87888055430639
10	3
75.0	1.3912057026178164	360.6938506919107	-1.745163074585366	2.874840253294773	-1.27174041082986
392.2649823017267	95.46691403595115	4515.634934396855	5.803907478222585	4.400133423543932	10
52.147456410249546
10	4
75.0	-15.965034856386463	195.87891487256024	1.2236226071363479	-0.9636650042490543	-3.923342331401808
334.76382988662436	94.07570833333334	4298.301821469727	7.329306730756922	1.9665376336831497	10
58.14430592098004
10	5
-53.96414580757267	0.639632975780577	341.2851765881059	-3.4947555591492456	7.471485880313497	-0.6124378126102942
171.70657723001526	94.71534130911391	4515.634934396855	5	7.471485880313497	10.310352104042938
54.97815668555444
10	6
75.0	0.7401403743990943	176.81679057672082	-0.04381680131408648	7.612385583541714	-0.29623605955883936
500	94.96982743282223	4383.685415040835	6.270723996013653	7.612385583541714	10.514388691312446
54.81308003776292
10	7
75.0	-1.9477229775910345	109.69259734313079	-7.389849778600407	0.6653751266010068	-0.22182037370993138
291.2684809276068	94.07570833333334	4410.802834058485	5	2.9619726415674874	10.21706843111642
50.599169720995384
10	8
75.0	-4.340810529038958	167.85774635949682	0.04623053628100285	-0.3384374438109612	-1.9994960279565896
366.36957783750177	94.07570833333334	4299.964084626508	6.553684179404455	3.733701552613768	10
62.16973566920423
10	9
75.0	2.6620058030735603	-135.95959157365093	1.020540265440082	1.3588114993772191	-0.6918983974274174
500	96.7377141364069	4279.344549305069	7.0182847795228165	1.5243952192849355	10
52.41124383779119
