21	0
0.02326643121750079	5.061600374055697e-05	-1.3005993869306213e-07	-4.698921034603634e-07	3.418191721210892e-06
0.4159839335815029	0.5000148707863037	29.999999959850832	249.99999953010789	100
50.416
21	1
0.0007354363546968559	-0.00019323755106041103	0.0034455814645016547	-4.2450785907957096e-05	-1.512630953123827e-05
0.40025820766502296	0.5004948253033632	29.995192032101983	249.9999575492141	99.99998487369047
50.416
21	2
-8.725445474299676e-07	-9.099600304457604e-06	-0.5384783976770154	0.004095708664695912	8.789056210085688e-05
0.399999621247715	0.49999388966248015	29.64945315608089	250	99.99980799916746
50.416
21	3
5.5900961714688805e-05	0.0021627073316119157	0.5878718529285092	0.0001883016329671274	-1.5922575332109733e-07
0.3998827322873961	0.500856064886788	30.183982382966885	250	99.99999984077425
50.416
21	4
-0.0003985640601195764	0.0001073128056063771	12.0	-1.0779913223474893e-05	0.0007345211319919816
0.399901098766854	0.5000130972779656	42.89493566552446	249.99998922008677	100
50.416
21	5
-0.0023782651166176726	0.0002711962443476503	-0.2046393588537657	0.0007323019937746529	0.0002318455355797965
0.39842284195478794	0.5001329017729502	29.92428183889465	250	100
50.416
21	6
-0.15	1.403782553188732e-07	-0.5997367124159391	0.00014374271201771395	3.077671808905566e-05
0.06938687373957175	0.50000008869505	29.801200502374463	250	99.99998987866277
50.416
21	7
0.002180170200040118	0.0005221051537888664	-0.003161323839665875	-7.703237640245763e-05	-0.00048374594451008
0.4011479574525242	0.5000268672627252	30.001146840031396	249.9999229676236	99.9995162540555
50.416
21	8
0.016691640014334357	-5.737408427147018e-05	-0.2380660425254384	0.0002809497100175139	-3.2031798750213305e-07
0.4020183532818753	0.4999884241016391	29.83805040296295	250	99.999999679682
50.416
21	9
-6.835753566073367e-05	0.00015907855680021593	-0.030206160918046777	-1.3743264276599763e-06	-4.3840263335964404e-05
0.3999799104742012	0.5001030504840518	30.000579178095215	249.99999862567358	99.99995615973667
50.416
21	10
-4.6919450094356563e-05	2.1362075838749102e-05	-1.1372285746678643	0.0002428736151654009	-8.340576517675779e-06
0.3997119135007741	0.4999966612589617	29.217359655727417	249.9999976111049	99.99998881672371
50.416
21	11
0.15	0.014032639805820049	-0.003033252114138724	0.001952878610611891	0.003544903758623387
0.4909141546293934	0.5105539440628509	29.996858483166818	250	100
50.416
21	12
-0.0006484414309815927	-0.0061779981880996015	0.002743745586197999	0.0004460007645951895	-1.839625097758794e-05
0.4001545537435496	0.5106031802981666	30.00134817343925	250	99.99998160374902
50.416
21	13
0.001956693777940214	7.795295571207377e-06	3.0338033153552962e-05	-1.0418761621847321e-05	0.0003261772704544941
0.40091826783349244	0.5000043235451432	29.99952142077137	249.99998958123837	100
50.416
21	14
0.005626571030379848	-0.001193141816445152	0.012515592299934453	0.0003118915431562484	-0.0002898609301452879
0.39967818015335105	0.49925588664019194	30.00724972075788	250	99.99971013906986
50.416
