2	0
0.0	-203.20357204785844	418.93925607772354	2.4732	-668.8784246575341	0.0
0.0	56.445436679960686	475.3846927576842	7.4732	56.445436679960686	0.0
11200.0
2	1
0.0	-78.22751396345174	-22.449058219178077	2.4732	499.0115180104141	0.0
0.0	289.76097210601085	156.53490585804283	7.4732	1616.0025794904095	0.0
11200.0
2	2
0.0	37.22689439916767	-22.449058219178077	2.4732	-122.53852739726024	0.0
0.0	93.67233107912836	156.53490585804283	7.4732	1203.2432953792033	0.0
7942.011027703878
2	3
0.0	-77.93665140313689	-22.449058219178077	-13.5	-668.8784246575341	0.0
0.0	56.445436679960686	156.53490585804283	5	56.445436679960686	0.0
11044.57458596691
2	4
0.0	-178.03878872613268	-22.449058219178077	-13.5	-668.8784246575341	0.0
0.0	110.87669610076352	156.53490585804283	9.434685233227277	56.445436679960686	0.0
11200.0
2	5
0.0	37.22689439916767	-22.449058219178077	2.4732	-668.8784246575341	0.0
0.0	93.67233107912836	156.53490585804283	7.4732	56.445436679960686	0.0
10313.444279358688
2	6
0.0	-42.15683020510012	-22.449058219178077	2.4732	-668.8784246575341	0.0
0.0	377.2235201417285	156.53490585804283	7.4732	3118.635461577538	0.0
11200.0
2	7
0.0	37.22689439916767	-22.449058219178077	-13.5	-668.8784246575341	0.0
0.0	93.67233107912836	156.53490585804283	5	56.445436679960686	0.0
11200.0
2	8
0.0	-203.20357204785844	-22.449058219178077	-13.5	-668.8784246575341	0.0
0.0	56.445436679960686	156.53490585804283	5	2393.4424431792327	0.0
11200.0
2	9
0.0	37.22689439916767	487.89919778838055	-13.5	-668.8784246575341	0.0
0.0	93.67233107912836	544.3446344683413	5	56.445436679960686	0.0
11200.0
