4	0
93.57888677198034	-15.0	-103.74385748310529
177.6978324478259	46.2864207364926	550.843461986665
188.24800000000002
4	1
-73.05750434336704	5.510127029063685	142.16310744143144
194.66430808384717	65.53407711242691	504.77028466489844
132.67466666666667
4	2
30.50191990768701	2.3812698575675126	54.52098161530965
153.70079587750303	64.32265169731825	657.165693928467
362.55199999999996
4	3
214.63159645015452	-2.145850035833527	-61.02882415984578
214.63159645015452	61.656175714226954	580.0439783287914
7719.864000000001
4	4
-7.593502705004596	15.0	-122.95043867836567
116.17194855425701	100	574.2089777499139
4131.3200000000015
4	5
38.885710846483896	15.0	63.49908027751249
144.25358474601003	85.45968563502132	663.4636968446496
132.67466666666667
4	6
-265.13059856414725	3.810677604220396	-150.0
0	62.4185623584653	419.7240452486684
145.744
4	7
-54.98906927766296	-15.0	150.0
173.16618986875264	18.018646597595477	871.3636543132095
132.67466666666667
4	8
0.15421681188683456	-5.422681676757243	126.24945708660327
192.23474078082475	57.80921276973074	698.5257049161239
366.424
4	9
-39.45831272848882	9.085820283045555	22.991960515969577
161.4509896274513	64.46102584669455	654.9147145072861
2921.624000000001
4	10
-174.36612048790775	-15.0	-24.215488715006007
147.43644313293154	42.99399790720108	607.0259885219717
341.9013333333333
4	11
-366.5001129786612	15.0	-150.0
70.63139979718665	73.26093171847836	439.7110204712356
337.208
4	12
-58.02851758273786	-15.0	-10.304866813148111
161.46148126460545	79.18242758001503	618.8385724645215
262.776
4	13
-450.0	11.356389447494516	5.1171196364957945
0	68.23107487891612	626.130782029442
3743.8960000000006
4	14
-77.15571630293313	15.0	-108.60047425360625
121.39493583676717	86.05409380838074	551.4212285426026
2832.568000000001
