5	0
450.0	-0.9826137481462717	150.0	33.165988869349476
886.1023058266792	12.656153493936511	345.6753519576743	110.63044275024005
14257.638000000003
5	1
-450.0	11.172623545598185	150.0	2.558527430902198
0	12.218386448233787	282.2740789287949	90.97655235336264
29066.274666666664
5	2
-3.8725866568685503	-2.3785940800159846	137.625869054647	-18.301649288700432
424.73470972330983	9.697964265105446	228.28817003610106	80.6184188957907
26668.31533333334
5	3
-65.47987321463565	4.928152668867629	150.0	37.5
361.5518307765893	14.385169915071637	331.0538425312282	139.1742214634811
20773.475333333336
5	4
450.0	-1.8979830194431608	26.266248625463817	-3.3487121198311423
961.9888100993621	13.64022859603762	217.61766058053246	80.30634918565683
20156.102000000003
5	5
-268.51438084718876	0.569577169613243	-37.55844346727061	3.858046113419058
195.4376238067785	11.491138195948286	192.94886167379946	92.14105242250565
12315.619333333334
5	6
-58.17094110982565	15.0	25.815896290878015	-0.2609332557824122
364.6741715448475	18.106190011084827	222.71799840985685	90.94350852534023
9098.615333333335
5	7
28.779904686763395	-2.054247137556379	150.0	4.426354256454703
356.04589078866394	9.067848045994234	463.2625155930764	92.3781414363529
25944.770000000004
5	8
450.0	-8.58717255279313	-14.988109457204233	6.728820386056415
650.8623928062759	5.553040519668913	230.50732925931786	92.88877918357473
12695.712
5	9
450.0	3.679435812108494	-36.10909997095016	-14.774891142265538
997.2399150966733	12.754494377389262	209.9351478834549	97.21816626642166
15051.515999999998
5	10
434.89964568305	-0.8644048292733306	6.071783517507664	-37.5
434.89964568305	13.400269245527843	208.24573341291315	22.64913902728273
12902.180666666667
5	11
450.0	-8.098365406964732	150.0	36.254779893812795
661.6247807106313	5.416254372288199	590.9354566130702	88.56859587817947
9805.349333333335
5	12
31.97547059215889	-7.851746764469471	13.168142730589866	-2.5939684348742604
407.4605480165801	8.031135896302251	232.22828856261296	87.95967366208798
13230.555333333332
5	13
280.34386860245723	0.5282026141699689	-150.0	37.5
431.7296798148228	10.740135028632363	313.38748856089893	85.54744532053981
22655.576000000005
5	14
-46.982682075192955	-15.0	85.58097053625455	-37.5
392.18413429571626	0.9290611935949933	85.58097053625455	0
33755.12333333333
