3	0
-21.0	-6.782675327867764	-447.0	-12.0	-14.25	7.5
57.774872922021075	96.48021524100457	663.3646181674585	35.21705418941897	83.58655743407692	228.47799382602008
6400.0
3	1
-2.447610816198997	1.0891446137523069	316.2380641520697	-12.0	0.8420356317686262	7.5
117.87030565111827	107.95516538150942	1621.9308610652586	43.17635407658484	89.48780147044116	238.57213324848522
1329.041446678145
3	2
3.07898743020541	27.52358250012546	-447.0	6.366332735878823	11.528834360278	2.1946642077484375
119.35665573631296	122.60345760149123	1052.999106897079	60.16644174911135	84.29547171152795	226.01282791560828
4609.417055014632
3	3
-21.0	22.90338103679986	-447.0	1.150059559298112	1.6988093791911663	-7.5
111.14515586662708	32.90338103679986	419.7068470046265	56.39690836260027	91.65644689139879	226.64963376306798
5787.905283645187
3	4
0.6767688569862905	-0.10104614574099013	-40.80204772298059	-2.216391451681976	-14.134449374169668	-4.07729587290035
118.37998234563622	121.14829715068926	1419.564447851692	65.34795963672428	85.12088438853537	222.39661726505827
1757.2369616796684
