25	0
0.0	-0.006307415069272198	-0.04216963362463001	1.0334814529593304	-0.0008942638002510092	0.0
0.0	56.445436679960686	56.70326937488798	37.06052199545255	0.0014105676735302426	0.0
27.047593254656043
25	1
0.0	-0.006132602770785286	-0.020376103035013	2.323388479420602	0.0013897177479770316	0.0
0.0	56.445436679960686	56.72596953471456	37.35075176238139	0.0013897177479770316	0.0
39.03468640493837
25	2
0.0	-0.01110198806013724	-0.23009142550156098	4.46731289222145	-0.000633728245231216	0.0
0.0	56.445436679960686	56.56992275845537	40.11674892422438	6.45097768745904e-05	0.0
33.44350268833451
25	3
0.0	-9.914024882664182e-05	-0.017616021536337307	-2.387286596505869	-0.006667795308900706	0.0
0.0	56.445436679960686	56.72585854481944	36.09695940665072	0	0.0
36.96293974815952
25	4
0.0	-0.0031077515268219716	0.06122059345220271	-0.7916925862860311	-1.0289429038150355e-05	0.0
0.0	56.445436679960686	56.744856887610894	36.73350383685117	8.502689287953793e-07	0.0
35.60707624446235
25	5
0.0	-0.044011545105272	0.013971855593282421	21.0	-0.0011948974893624667	0.0
0.0	56.445436679960686	56.72102499487671	30.914257655959602	0	0.0
28.165651333059508
25	6
0.0	0.00032917998557529415	0.003261192508901359	-0.8250788683672923	9.916266849859799e-05	0.0
0.0	56.44576585994626	56.723269730286965	35.07849341439745	9.916266849859799e-05	0.0
39.34112620366315
25	7
0.0	-0.012254326073315757	-0.823223982981865	-3.8096177023631115	-0.015947133187867495	0.0
0.0	56.445436679960686	56.445436679960686	38.528563410016076	0	0.0
30.85607322133789
25	8
0.0	-0.003933915844512661	0.07170044271507407	-0.2140947603092803	4.1474319314015966e-05	0.0
0.0	56.445436679960686	56.75948843524749	37.158999365307764	4.1474319314015966e-05	0.0
24.269367149753258
25	9
0.0	-0.0030685460516398015	-0.4248508047131045	-21.0	-0.003871304411544388	0.0
0.0	56.445436679960686	56.60473884754759	7.054141778781691	0.01422111248235471	0.0
19.27537529012217
25	10
0.0	0.0007884107300855423	0.8090415406276655	-1.9015788605427053	-0.00027113843241216584	0.0
0.0	56.446225090690774	57.254478220588354	36.18088927813	0.0009279832915345155	0.0
43.16853191153465
25	11
0.0	-0.04587750166701971	0.5153290563409594	6.0032712605368905	0.003671456627578534	0.0
0.0	56.445436679960686	56.960765736301646	39.90638319958316	0.003671456627578534	0.0
23.56671245825747
25	12
0.0	0.00019918603086904475	-0.0038747071264597995	-0.41287549462314727	-0.003794241698942498	0.0
0.0	56.445635865991555	56.72240305705142	37.088434802813296	0	0.0
23.503679263251065
25	13
0.0	-0.0008740464866764043	0.693475146489829	-4.377963431104063	0.0064328796382247845	0.0
0.0	56.44656274313584	57.13891182645052	34.326643621008074	0.0064328796382247845	0.0
31.79211521265049
25	14
0.0	-0.00029953583435886084	0.024953752862010566	-0.3120604037257035	-0.011809162251684754	0.0
0.0	56.44554794374555	56.74873850502181	37.16133642262983	0	0.0
25.940597768625928
