0	0
-450.0	15.0	150.0	-37.5
344.75605141664045	100	406.83234467278334	0
171.292
0	1
-450.0	-15.0	42.132965243811384	-37.5
0	0	1000	126.25144664246648
1530.274666666667
0	2
-348.21193939357045	15.0	-150.0	37.5
534.1829645596048	100	153.822585268428	250
1968.7093333333332
0	3
-450.0	-15.0	-150.0	-37.5
0	0	0	0
1490.2373333333335
0	4
-450.0	-15.0	-150.0	37.5
0	0	0	250
2219.7946666666667
0	5
-450.0	-15.0	-150.0	-37.5
0	0	0	0
875.768
0	6
295.29172863943535	-15.0	150.0	-37.5
698.9061254902533	0	400.51486040521945	0
179.256
0	7
240.56383677177993	15.0	-9.739279021748018	-37.5
453.0229695692261	100	358.52459945030245	82.14586948003617
2122.616
0	8
-169.7190017141679	-15.0	10.005357050340962	-37.5
0	0	408.8240686351826	0
2140.6893333333333
0	9
450.0	15.0	150.0	37.5
1231.8076457008287	100	714.9234833861842	250
2233.56
0	10
-450.0	15.0	-150.0	-37.5
0	100	0	0
1977.6613333333335
0	11
-450.0	15.0	26.24553463181914	37.5
0	100	336.86903160826625	250
2157.88
0	12
-426.0515410133651	15.0	-150.0	37.5
0	100	0	250
1612.7453333333333
0	13
-450.0	-15.0	150.0	-37.5
0	0	523.0775752335951	0
86.39333333333333
0	14
-450.0	-15.0	-150.0	37.5
171.2634783920662	0	0	250
2156.4693333333335
