13	0
0.0	2.450507216221638	5.297623123129274	5.0027068872003735	-1.9011402017708947	0.0
0.0	66.91928700334365	154.02253983594605	12.52502495656151	138.57444139027754	0.0
2279.0031607219353
13	1
0.0	-5.992318666095052	-58.40716341620571	1.1965400981726335	-33.63272991744445	0.0
0.0	68.16392485620892	109.71636266292137	9.773897112976583	124.00990781824244	0.0
5129.540902634608
13	2
0.0	-2.5531280463301163	-1.9790753513837505	-0.6837830248821616	-7.374376588006557	0.0
0.0	63.27728946876445	150.92304708679512	8.653323581946632	130.65396750243806	0.0
1956.94903058931
13	3
0.0	1.1724264191378637	-4.906098615703426	-0.4190708090607829	-1.6592607473909362	0.0
0.0	65.83985811087905	147.70245417172345	8.940815169228014	135.68492596632467	0.0
2487.0431829449913
13	4
0.0	6.251533808506743	0.5284827664234306	-0.08452547969587701	-4.3812510064618575	0.0
0.0	70.01486618196347	151.82818379217127	9.065290823730674	144.4700638551485	0.0
888.3273882493554
13	5
0.0	0.47141934187299306	-0.1571540200177237	7.236940082370001	-235.9583007983137	0.0
0.0	64.97407474408206	151.22700751226026	12.236940082370001	60.976358645012965	0.0
3964.260449184942
13	6
0.0	1.496055860399334	0.18453235354335362	-1.6210632164745118	-35.46611721198195	0.0
0.0	66.02617529742939	151.4203440161567	8.00001065293604	126.10230168443118	0.0
2184.163032939971
13	7
0.0	-5.580282168282248	-88.26548483233256	1.3177984024170932	-4.173132947398846	0.0
0.0	62.24107395981198	92.51027145603513	9.59858283402518	132.48632203354427	0.0
3353.3296114307013
13	8
0.0	7.535231478888691	-0.8771285650910093	-0.44794690801247605	36.07143412584838	0.0
0.0	70.30551357256853	150.84590286074547	8.953476713857809	161.69982597696196	0.0
1382.4124572221758
13	9
0.0	23.853505810849768	-297.869686948395	-0.47982853555614435	-35.527302016659704	0.0
0.0	82.13813050450696	56.445436679960686	9.04112133206559	127.94574207663275	0.0
3406.7240436183765
