26	0
0.0	0.0011555184406906666	0.05493222055859314	0.08424390121986405	-0.003957654734300715	0.0
0.0	56.446592198401376	56.75820159544657	37.14476589667241	0	0.0
27.047593254656043
26	1
0.0	0.0011234928276078644	0.01457403164306547	-0.6681964223116842	-0.0007177500716639773	0.0
0.0	56.446560172788296	56.74054356635762	36.68255534006971	0.0006719676763130543	0.0
39.03468640493837
26	2
0.0	0.0020338842126171423	0.3873629943253175	-9.267842797343944	9.706223237670794e-05	0.0
0.0	56.4474705641733	56.957285752780685	30.848906126880436	0.00016157200925129834	0.0
33.44350268833451
26	3
0.0	1.816249358504078e-05	0.015216396377372966	1.989309413837959	0.0012215401005906093	0.0
0.0	56.44545484245427	56.741074941196814	38.08626882048868	0.0012215401005906093	0.0
29.89149393314296
26	4
0.0	0.0005693400797137853	-0.03942233026338185	1.5062048425550947	1.2391083718949908e-07	0.0
0.0	56.4460060200404	56.70543455734751	38.23970867940626	9.741797659848783e-07	0.0
35.60707624446235
26	5
0.0	0.00806291506328583	0.0037244428485737964	16.186134367668995	0.0002189052200512039	0.0
0.0	56.45349959502397	56.72474943772528	47.1003920236286	0.0002189052200512039	0.0
28.165651333059508
26	6
0.0	-0.00037109672616359265	0.020383539678270154	3.3063947230451114	-0.00015091597015833258	0.0
0.0	56.445436679960686	56.743653269965236	38.38488813744256	0	0.0
39.34112620366315
26	7
0.0	0.0022449925366314467	0.6013807833108993	-1.0830259163472333	0.002921514800017325	0.0
0.0	56.44768167249732	57.04681746327159	37.445537493668844	0.002921514800017325	0.0
30.85607322133789
26	8
0.0	0.0007206933827147195	-0.05451938858220995	0.25090818196493125	-6.218253186077135e-05	0.0
0.0	56.446157373343404	56.70496904666528	37.409907547272695	0	0.0
24.269367149753258
26	9
0.0	0.0005621576366604117	0.2808663251192164	21.0	-0.013140609501587242	0.0
0.0	56.445998837597344	56.8856051726668	76.87663292785845	0.0010805029807674678	0.0
19.27537529012217
26	10
0.0	-0.001163176953151699	-0.5865102024360087	1.8985951425289151	-0.0003926975108836843	0.0
0.0	56.445436679960686	56.667968018152344	38.079484420658915	0.0005352857806508311	0.0
43.16853191153465
26	11
0.0	0.00840475830539801	-0.4847684350665738	-3.583525524984095	-0.01213404746991322	0.0
0.0	56.45384143826608	56.47599730123507	36.322857674599064	0	0.0
23.56671245825747
26	12
0.0	-0.0002561065744476703	0.02036219406882885	0.4990043557002313	0.0006951050792462656	0.0
0.0	56.445436679960686	56.742765251120254	37.587439158513526	0.0006951050792462656	0.0
23.503679263251065
26	13
0.0	-0.0020505868567331146	-0.25133774010886034	3.6795204887294553	-0.008348370086879752	0.0
0.0	56.445436679960686	56.88757408634166	38.006164109737526	0	0.0
31.79211521265049
26	14
0.0	-7.708149955132167e-05	-0.01075494295362105	0.3577623325244105	0.002163438524508647	0.0
0.0	56.445470862246	56.737983562068194	37.51909875515424	0.002163438524508647	0.0
25.940597768625928
