2	0
-450.0	2.748	38.9048024550799	-37.5
599.8038558998518	2.748	82.47280822439986	6.962193603974924
82.42999999999999
2	1
-16.436975515649166	2.748	-3.691411117858035	26.536352290521954
749.2212892458341	2.748	41.39422625863632	115.06579136678272
8868.809333333333
2	2
117.5311357091008	-2.160467831004023	-116.05103621892442	37.5
893.4826126827833	0.5875321689959772	14.240611086539644	134.60159622879442
15684.423333333334
2	3
-450.0	-8.876676726054235	150.0	-37.5
1052.7228817380224	0	254.57755811132657	0
5998.508000000001
2	4
157.64905264929126	2.748	-30.73273557298444	37.5
577.5259500566326	2.748	109.25204202557651	229.50164818506644
11122.197333333334
2	5
-230.7937386654802	2.748	-56.54051235070957	37.5
776.1815253816275	2.748	57.93404842364381	250
14472.727333333332
2	6
450.0	-0.2292334029573846	-135.37607162887286	34.564923838935385
1351.5408988330414	4.657549798637045	14.970073678471152	100.54429473511668
6619.521333333333
2	7
26.251489659034725	-8.532588055304984	-150.0	37.5
813.5073230916212	0	0	215.77489094804804
6725.904666666667
2	8
-368.33158038621735	-3.9864683751064756	27.536800654392778	0.7589997437853294
802.29327018717	0	127.49552579351655	107.75953477793574
7643.538666666667
2	9
-86.71054279190307	-7.377048276469447	44.14538975117476	13.245070715647074
990.9377116315915	0	117.77340271148267	103.6609801572705
7389.951999999999
2	10
-450.0	-6.2116532822878465	-137.13174873428943	-37.5
811.492315668937	0	62.89507249843342	23.80331801202479
7812.763333333334
2	11
-450.0	-9.175495254581158	-150.0	5.813044026013539
418.4288563012376	0	0	99.0180198616043
8386.408000000001
2	12
-450.0	-0.8918342642160989	1.3956717709284936	-37.5
356.64288644384146	1.8561657357839012	97.5891825674747	24.171945036212634
12133.351999999999
2	13
-233.75159942260458	-8.087870496759871	-150.0	-37.5
632.0541120685943	0	0	38.684027165961695
15099.054000000002
2	14
450.0	-8.146226213759617	-41.467955593669366	37.5
1119.1728357956772	0	72.16705723312649	154.09801268921748
8202.321333333333
