10	0
-185.77073809661044	-0.8307328399010313	-11.460501949338116	-26.359228008049968
284.99827887086803	10.540757256255862	191.94021620254424	77.65827270221585
24352.46466666667
10	1
450.0	-15.0	-92.8860127203933	-0.7592234045921373
511.33763304100614	0	199.6053373715452	90.21945016522481
39380.92399999999
10	2
1.3981396888883881	-0.24130954662510512	21.865193737592488	37.5
401.2267909332008	11.419908634419745	234.64312483086886	111.69835369627202
30602.599999999995
10	3
41.65243787051848	4.758408392622165	43.39646483529294	4.670345716033411
377.58145836570367	14.401975637776204	212.1601838485762	95.4310345208876
30153.296666666676
10	4
8.126045215557777	-0.48986955951561717	0.4801226569823003	37.5
535.40592196313	10.884596997863616	222.1086819263844	136.3326748631953
25580.20133333333
10	5
-27.738533738639518	-0.7115337581051473	150.0	-2.7124831477580953
420.05415212001435	10.754722089603414	414.46712010922374	88.52794968615464
14475.514666666666
10	6
13.56965056430272	-5.67630879228933	11.033876302924952	-0.02246559276203684
413.4376292856409	8.501260291963765	227.7284552417397	90.11333499768197
15934.540666666668
10	7
-1.4354466078935029	3.2293534684970546	-150.0	-0.034186467110381986
402.74908440002787	12.863272229527869	0	90.07680541048161
34786.13400000001
10	8
-150.88304136785706	4.6267103325106556	19.567486560957615	-28.658981800965616
307.9089536534255	14.377861912819824	233.53543829650388	69.70884374059283
20142.929999999997
10	9
-280.6312479261518	-0.057842446406404846	1.230652524124229	-1.9739285127163009
492.8907777346129	10.675660337135072	222.63269651542717	89.1416503476664
24136.367999999995
10	10
-31.35858635660579	0.3942551729486553	0.7834742480308733	35.42052419447119
398.40478127406953	11.096597733143005	222.19372634857524	82.6601782852216
20598.131999999998
10	11
-132.10054753991565	5.893523189250185	5.127543342387867	-37.5
312.5300315272772	5.893523189250185	216.55350950923906	31.385899923846125
26575.11333333333
10	12
-3.22676187839763	-14.778654024510807	-8.469272077646263	9.029984647224367
402.8414984699469	6.286388522067895	223.50780158418706	94.06974644261557
29881.33066666667
10	13
-8.666445877904952	-0.18666355548915187	100.5252478166973	-0.28198582610515727
399.94059731070024	11.210456474295636	214.06065287822423	90.42717427440125
33259.09200000001
10	14
-12.133532377562048	-15.0	150.0	10.572591173678683
398.7322000250509	4.56729014813677	382.4754506179321	94.83899525172251
47785.251333333326
