23	0
0.01985025530200924	-0.27784036228586306	0.283580450644836	0.020903550637399144	-0.006767659821116171	-0.021494373624008613
0.6616590849111237	0.3151280647539533	0.34736161365402596	0.020903550637399144	0.1351658227948291	0.00955503359951479
3.6886516148539608
23	1
-3.9296290450141558	-0.05692459084441839	-0.10497520420892587	0.0013374889749273367	-0.005804395202420284	-0.3497189903818478
0	0.45766049485375226	0.112999689676264	0.005285727288111386	0.1401988621342464	0
28.265430721020163
23	2
0.010873539281647552	0.027025080487083804	-0.025132020982399306	-0.034954895182714954	-0.00045184971868272584	-0.06697364134112521
0.6403933075080369	0.4730298048472564	0.17125936168388312	0	0.1555951066778872	0.02678301293465378
3.8942124353492455
23	3
0.011661905303683546	0.3534852814162826	0.007830533351253385	0.008977389765523045	-0.04143003515352674	-0.21953929643337095
0.6567523515425288	0.7003101269761018	0.18214073208666606	0.009296360897561707	0.11552620049290087	0
2.8401471429966043
23	4
0.13247541718724362	-2.2516444825057547	0.1040938613424763	-0.011587446109255073	0.04123085484613455	-0.034626818678595794
0.6617168390425376	0	0.11297170487836201	0.0005692062695686808	0.1672674029405764	0.004643058039907437
7.748977904883732
23	5
-0.3432686636662977	-0.025418885120716477	-0.13829932543460616	-0.004371870341275417	0.40215791274908963	-0.05111263091561485
0.5800203959385062	0.4652825508030149	0.12149691340585411	0.0070083055006226165	0.40215791274908963	0
3.84045922551775
23	6
-0.3500713743279358	-0.521506924970232	0.028364307280691912	-0.02038884817086119	0.01887246965033578	-0.11249781844817242
0.5029181009739477	0.11178493498185738	0.1997592913267812	0	0.14167260304502946	0
3.9127290201123746
23	7
-0.03838726694983412	0.12221832866816176	-0.0268516310974208	0.021255946191935708	-0.02426725336779246	-0.06665402269585917
0.6290294982217023	0.4712495686097872	0.2014544582457079	0.021255946191935708	0.13892708451033112	0.01559195357912832
3.5630364239326577
23	8
0.46880810012951574	-0.38918938522949975	-0.03690720342967023	-0.026579638699886762	0.00827874256145568	0.0775520325566662
0.9394926850102734	0.22633338678143433	0.14522980131575186	0.012387195973828188	0.15047264624349777	0.0775520325566662
13.309581941414093
23	9
0.11958051026396713	-0.09657533660816922	0.03249779438073136	0.0211697055962231	0.10704261505079864	-0.19665460024905412
0.6298335571349851	0.41677951469330576	0.13396505122026578	0.0211697055962231	0.19108100835928304	0
6.46661494144467
23	10
-1.861028840666655	-0.8698887909083524	0.22723334253043498	-0.017854857113854906	0.00024496672034474945	-0.02059980829240373
0.39332009930129486	0	0.3234330787648949	0	0.1388153960712424	0.0477670329022414
11.196179213715073
23	11
-0.44555268408946447	-0.24124529043430964	0.10056448685500892	-0.06117261679065063	0.465283544666809	-0.24308761337644516
0.3849820459312766	0.315441242238214	0.19554360497434814	0	0.465283544666809	0
5.304666028252168
23	12
-0.0456457473401936	-0.12347662226151904	0.04372053355124686	0.0029773419896634047	-0.008375686387656258	-0.06879721099363716
0.6460013489492065	0.4859002638874649	0.19239212381227525	0.003274744806294135	0.13234019884601197	0.025744598942087568
4.0384879516692775
23	13
-0.6119682630368289	0.07021423393731618	0.0036501403032868527	-0.0009699148589463333	-0.007692095713698352	0.011900716374004427
0.4293881308563249	0.48900340951333787	0.17603934484414793	0.0038124599887734262	0.14046357210669172	0.03228280693592096
3.6868105117240733
23	14
0.3113137709615467	0.006869881722969862	-0.02510974044350662	0.0016705409195148409	-0.021015158219120988	0.09081687119290277
0.6106460730938874	0.4877816534060534	0.18165020719243982	0.014096676928701802	0.12545242751993832	0.09081687119290277
6.417759627087202
23	15
0.629337212313893	-0.8787555399065541	-0.05731219946230657	-0.02946396328754543	0.1174152592248632	0.03487076734458203
1.1153586445422463	0	0.23672905034195227	0.0028394518916319243	0.2151486670826305	0.05511755986177788
24.12424866704421
23	16
0.44433712794008906	0.13741205206502236	0.0032138976780744836	0.017152573263370885	-0.04145428725563557	0.09008173810821599
0.9203779503750069	0.5452107609427281	0.1963852130364306	0.01760938423615132	0.13446884613977014	0.09008173810821599
2.74227067907671
23	17
0.32524090221567764	-4.4827606404888e-05	-0.013798017083648972	-0.007265550907093977	0.3911773315456081	-0.10901651126138413
0.8564847024450286	0.4579447396834007	0.19000061366404894	0.013060444450732645	0.3911773315456081	0
2.9941892912817587
23	18
0.6899806796296208	0.05817597018188714	-0.26432640312407313	-0.0035795776896844723	0.11913638680785478	0.01272516326074781
0.6899806796296208	0.4791332119872602	0.03573178557908985	0.0036446825425546373	0.21593471574328188	0.02382750399795769
5.952032422905822
23	19
-0.27063126299333307	-0.7028187767990032	0.016609449650626655	0.0034404404972910416	-0.018221334034871146	0.015236049536032602
0.4726809094297445	0.030024235205429295	0.18912983280191625	0.005855483686880346	0.12430274999504154	0.035005772742801866
7.165641434502655
23	20
0.05007450854663502	0.10708161283711133	-0.17591675220468872	-0.0007058692488092473	-0.0067460639270702505	-0.004128325622166455
0.691390889175851	0.53494851817126	0.05594249444200369	0.003871793495942975	0.13417676664340086	0.02303235660645436
2.733829652336674
23	21
-0.0023863293347465737	0.006444708647296184	-0.32417281952254334	-0.017101279465039913	-0.011287033289063816	-0.018047817732189757
0.6451097091391604	0.4357858098739444	0	0	0.12809032547130683	0.011843031190073596
3.9375745538635116
23	22
0.21008413091171024	0.8143863361478534	-0.017326685788481684	0.00829101762299894	-1.3765175552207594	0.012381848277407941
0.7759612809724503	0.9808495197165449	0.19442452032823082	0.009771646247497219	0	0.02532871572070884
4.727669501268038
23	23
-0.9334490356907859	0.03318089057821045	-0.2642469505955421	-7.345074187227505e-05	0.006750205438597239	-0.2342465982089406
0.13290617680233252	0.4453201605248648	0.01419794794565804	0.0043261680860389945	0.13784378451502596	0
5.841394688700262
23	24
1.8121326380981833	0.14791674500435437	-0.0436417020444198	-0.0026162663746540095	-0.1671671402367487	-0.032837400656577365
1.8369591571718196	0.3710159142079556	0.22960900774270088	0.0026758059894175326	0.044385365184137826	0.0500546373247705
11.143146389384635
