16	0
-6.794490506508087	-15.0	10.892101576522458	-7.464032393854394
406.44621204422685	1.7967360605181	226.9103548372296	94.76890763819576
31827.431333333334
16	1
265.793222596599	2.272573233075727	3.0836702899476998	-0.08894180548727137
550.4358059283063	10.619463411329088	223.48397895366932	90.0959246793951
53283.33266666666
16	2
-9.92657663672386	-0.09122288785386908	-2.5940113790917954	0.9846749531396972
406.6797169695261	11.0570036727652	219.9437704331144	90.62806939314225
35405.53
16	3
50.889463336166806	-15.0	-0.03777513916778479	-7.143084144811529
406.6643084648881	0	221.77445469431586	87.34302997273934
36792.404666666676
16	4
450.0	-0.01011992488133252	-2.7721627630101175	-12.445425350261687
744.9451748724603	11.10295110234102	219.862385473627	83.1880160801966
31660.493333333336
16	5
89.64045037349524	-0.962307378346084	150.0	-0.1452166463737682
466.3723012622666	10.579349061612671	327.67636860584355	90.07587339174557
26513.166666666675
16	6
-0.18121247891799963	1.4208775910519733	0.7783758541177187	0.007169009328217282
403.63817839105565	11.010272044952991	222.15569027316704	90.12912066228466
20988.559333333338
16	7
-0.04905338022708853	-0.7271497804407231	150.0	0.09544377061079988
403.59886356378655	10.783246507510853	503.9189341214483	90.19040553578047
52614.37200000002
16	8
-299.2562091933001	2.433206678251841	-2.1133999457286894	-18.56064087275218
192.3032839275915	12.302666966308497	220.62736073790995	89.37691289132022
31547.25466666666
16	9
22.257338752767886	2.3199442220792497	2.127459336909554	0.050062832532845894
413.11176928728344	9.778232049129052	223.4089784337747	90.17908940693293
30915.559999999994
16	10
5.809425281618889	0.2952667757032874	-0.006350556417006645	1.4549488650288673
407.31509526607454	11.299397275669664	221.91103132150187	90.65953055929191
22334.78599999999
16	11
-450.0	0.3838844562488395	-1.7371368141637031	2.1576731651688146
168.58987574701666	11.297920126576635	220.62345276314335	90.65872967289233
35070.29733333334
16	12
-0.7724099617738359	-0.48268249512756933	-1.924332797070623	1.754744427593057
403.3647047649051	10.8839044297851	220.68779680813716	91.1501852325365
34772.746000000014
16	13
-10.890304371842996	0.03603987619404678	1.735771684092984	-0.028942036610663427
396.5582749271354	11.111443421578542	217.72068237408928	90.13890068488614
41802.01733333333
16	14
1.7385900120991904	-15.0	79.27204177355515	1.09600189359888
404.52474278836047	0	276.72287250755534	90.65541546417735
58208.111333333334
