33	0
-0.017840179229626822	0.03959047403560823	0.30052172418025724	-0.0003397498445089409	0.009207418864878083	-0.011303320382170454
0.6508335281095917	0.4603719221456575	0.30433460576271226	0.0014876133040566477	0.021734364695988308	0.005132309922267715
1.769289898806475
33	1
0.00564770183663094	-0.13879909943612714	0.01766033493438854	-0.001456929562645466	-0.09561099193412875	-0.013925663521681845
0.6564576369563383	0.3836904795503798	0.18846657407602613	0.0013471090040203329	0	0.02554454467238745
1.5690253988109868
33	2
-0.000912373640796532	0.019676866211131926	-0.03194841743292008	-0.0008086298128311479	0.03965164407666741	-0.018099676650534607
0.6590748064488258	0.4493664988691519	0.16258444529428295	0.002357581013601437	0.03965164407666741	0.0017855541063672917
0.7511852876524173
33	3
0.008367112502954459	0.5404044963282181	0.0738798546654884	0.0035669424015114443	0.02763164453388335	-0.0004311306353316723
0.6615552264449467	0.671670361128881	0.21292819297818827	0.0035669424015114443	0.02763164453388335	0.00875424616116628
2.406624158853805
33	4
0.20736308787003827	1.4615236969250396	0.001092460330856327	-0.007330919901502595	0.009687787019186772	0.02316823706368481
0.6778241270472558	1.4615236969250396	0.17430709039916165	0	0.02597244398862264	0.02316823706368481
7.748977904883732
33	5
0.00521913885187889	0.049536259041980196	0.06146473551340649	-4.631987151686626e-05	0.053806707375929005	-0.044585675591914564
0.662395758534051	0.4723105509870842	0.2003673602392555	0.0014378929776905978	0.053806707375929005	0
0.8703615772959686
33	6
0.2330108436613624	-1.805237222255072	0.0012295679848409976	-0.0008575070597097637	0.044454795201084626	-0.01766145778475844
0.7309692046601183	0	0.1764106622248779	0.001683255680497927	0.04724162125641852	0.0008190120209268861
3.9127290201123746
33	7
-0.07970132975739644	0.0011719519700185079	0.49428329343670613	-0.0011374272288245035	-0.027339756347620352	-0.01216387211501548
0.5615545095277436	0.43843792619759264	0.5042237544547383	0.0009574773072889816	0.0011171964638564402	0.017093777257284504
1.999792612281211
33	8
0.014103680242225115	-0.005766563922444741	-0.014120223916306681	0.004675197569482832	0.033859687983434326	0.040218883342584
0.6618577556589919	0.47807452583312576	0.1664871759362577	0.0049516236393813045	0.033859687983434326	0.040218883342584
1.4241991713394158
33	9
-0.01968686609694286	0.012357789557237289	0.0019523166044717569	-0.018987547767963638	-0.08963494276337729	-0.024997744693011227
0.6484026074402761	0.4304619418391771	0.17336390215759762	0	0	0
0.9699218445350745
33	10
-0.32573293129383907	0.0721806668013913	0.12757196582014335	0.006587198922271208	0.04529595958963588	-0.02168240136834084
0.42712368229231146	0.48728370628068024	0.1514108616082207	0.006587198922271208	0.04529595958963588	0.007873030135922339
4.898626267301579
33	11
0.004313069819858732	0.09582606765989789	-0.009902357157149507	-0.0009950078708455227	0.06166767669526732	-0.03459126972105828
0.6622992473094543	0.4843102431163118	0.17198147198885413	0.0013831298514483412	0.06166767669526732	0
1.0560356211414923
33	12
-0.0003260523114092753	0.00018630670061988035	8.709077408763963e-06	-0.0003114502448984043	0.0007217916753256356	-0.0017308364757236809
0.659573419007929	0.43741991043452505	0.17567661978573268	0.0013886056770361168	0.018287944602126086	0.011045075031534384
0.7341884957056498
33	13
-0.1729717800657889	0.0037979432552427955	-0.0014447378234912313	-0.002351155932775253	0.08027910261283074	0.012200081886712406
0.5738507161558246	0.4413478715527831	0.17503635273790963	0.0005030758920083365	0.08027910261283074	0.020188621453654423
1.8740968614113473
33	14
0.00774246094899902	0.012872180766379953	-0.005969659416961832	0.005963981004744411	-0.03222869937411137	-0.03184392285467353
0.666545988704403	0.44573598734923725	0.17892737513094442	0.005963981004744411	0.051553662132164606	0
1.0407208968664434
33	15
0.04621743019494886	-0.00012377934484495513	-0.0006244816255023499	-0.0007690004830887566	0.09664619357307241	0.003108395327546671
0.6500523893558353	0.43725092366782803	0.17658067244513953	0.001539403918711131	0.09664619357307241	0.013253648409266853
1.0865811652998665
33	16
-0.28385930837920836	-0.018426990115306026	0.00016150401703331874	-0.0027735964988385604	0.04459073756956157	0.001542644565687477
0.4809588969126207	0.4252267151795042	0.17577640910243994	0.0006015470350506894	0.04459073756956157	0.012948550711351545
0.8764542781228087
33	17
0.09003977211155884	0.21067086692401693	-0.010947125809258022	-0.007802207085461094	0.029804679304419036	0.0298538190781127
0.4991293634159421	0.5366270169576554	0.17073159496299822	0	0.029804679304419036	0.0298538190781127
2.5045591080075438
33	18
0.007365153356182994	-0.003594908880980854	-0.0014464318915071764	0.0003829612456197057	-0.031602096677688395	-0.028380838626059213
0.6628609881939977	0.43590174865061776	0.17468326588080713	0.005964022415360877	0.0015049275473622697	0
0.8708181087608375
33	19
0.00888612261567589	0.008422649114163454	-1.4860785313986302e-05	0.0033920681447874423	0.005130453204397113	-0.008619489118640638
0.6494666391552256	0.4431164626601744	0.1756529675974389	0.0033920681447874423	0.011851830373173708	0.007501935799082418
0.764639238139721
33	20
-0.06823207586938976	-0.002010712132049973	0.1600628498072913	0.007188839403273762	-0.0046368389099952475	-0.010776409415150874
0.6133161729673452	0.37926925215698193	0.2508979061481875	0.007188839403273762	0.014665940694023397	0.0053357963695127245
1.5662422701759653
33	21
-0.009005510194720246	-0.001269292249496093	-0.07600392555967643	0.002707372517287007	0.013800204623801608	0.02249344406319609
0.654242670612882	0.437199980616205	0.1308217380759305	0.002707372517287007	0.0212143051538705	0.023783316964399434
0.7771796120048536
33	22
0.7151507076507079	-0.0013293253906818702	0.00021017068319360114	0.004598749634344687	-0.02526914820775221	-0.00902461193991048
1.0034771854516218	0.4369662600374611	0.175839054554793	0.004658778095124579	0.030969950348262665	0.007256209159274473
4.727669501268038
33	23
-0.17097509613707262	-0.012163667567720539	-0.006310992517011194	-0.0032051613776838575	0.06032870735477379	-0.0700874526016937
0.5380407734212852	0.4291210117584835	0.1781509999334585	0	0.06032870735477379	0
1.0541818832808565
33	24
-0.012362256187059717	0.026044621494468293	0.13157134261641132	0.002043085049136086	0.024110160104831732	0.035383948697844315
0.6779973413272089	0.39458054633933215	0.2473770264254418	0.002043085049136086	0.027240586022581913	0.035383948697844315
1.7061955824647759
