50	0
0.011108744811521529	-0.0056756360023115845	-0.00915544663306912	-0.013771571064134517	0.016839052954809947	0.0004423450198873526
0.7313362386946977	0.5212888958911344	0.2529613024474643	0.045035549846053125	0.016839052954809947	0.00362014983012169
0.43445046663497316
50	1
-0.003551463998152082	0.0721731760465193	-0.006938333136973951	0.002021953517042275	-0.0039038822194064956	-5.473307273318995e-05
0.7209736815138683	0.5041342851109795	0.2522111501732803	0.052946240975549036	0.0024146501560653013	0.003578272653593973
0.6247717829693209
50	2
0.06931719968498679	-0.001412886912335398	0.006782720206637398	0.0065392817069808585	0.012926999573185041	-0.0006849137431054802
0.7291857978487886	0.5202109945794698	0.2551732532396425	0.055274896574753506	0.012926999573185041	0.0030752354759104317
0.4864450576917958
50	3
0.005863032648147363	0.2580563965325052	0.023999432428611123	0.0017760015117036301	-0.0006296958976736893	-3.210720839637982e-05
0.7226479129320535	0.7025850729156471	0.27163086707727924	0.05241881111305489	0.0038500044329886638	0.0036666826032808715
0.46616892322811687
50	4
0.000919059701260809	-0.3585709985994312	-0.0004740326399876514	0.04161877129452697	-0.0045625473372518256	7.010483463540048e-05
0.7265036161950162	0.3918657996844771	0.24974787825126468	0.07622310372069914	0.006774881574970505	0.003624519379515333
0.5992102395672684
50	5
0.010982440741854964	0.0008772004393234656	-0.08293567013998371	-9.162543610337403e-05	0.005325076996761053	0.0026865342550746974
0.7247576918129878	0.5195972225347204	0.2001425569172849	0.05927154596493124	0.005325076996761053	0.0026865342550746974
0.4612229268450779
50	6
0.0294846174046465	-0.025443088581098523	-0.07763957021226088	0.004903651718260779	0.012566120623770721	0.0009253002543979005
0.7335295804741544	0.5023653576485071	0.21097999146895152	0.05699083780635092	0.012566120623770721	0.0025092668792272895
0.5222833578802588
50	7
0.309644069541507	-0.09125261820207045	-0.20997708360042605	0.02197670269549007	0.011233564059589252	0.00014639853111053048
0.829857637128667	0.45469655177246515	0.2010972692017619	0.06684164756914623	0.011233564059589252	0.0033970601840655383
0.5807982493269674
50	8
0.01253495826695639	0.005230507405411413	-0.035729007556746656	-0.00018211272424341335	0.010080473921162188	-0.0020837794035394363
0.7193121281234092	0.5223684219356983	0.24028903558333534	0.05395736530803545	0.010080473921162188	0.0027484605589697415
0.4773934521130104
50	9
0.21766120587073573	-0.0005021105362849309	-0.001089991835349751	-0.0002657030582663816	-0.0017539407322957586	-0.00826175523916306
0.7941752727274609	0.518962236169813	0.25913749557741594	0.0529119619930399	0.0036977267639828537	0
0.7185269043851019
50	10
-0.2734434225561195	0.014548424998076525	0.11515805107391006	0.02786932270825056	-0.0013187140377863872	0.004048647459079775
0.5689210035648873	0.5197600742962065	0.2744556633037766	0.05982126880540538	0.0034703349953015177	0.004048647459079775
0.7879487793538084
50	11
0.00919383505600523	-0.007294741051889711	-0.0011779892589621618	-0.16677268686839833	0.001850992607505388	0.0008538008112412626
0.7283770480535938	0.5129529712598101	0.2585388175947861	0.014851608532307797	0.001850992607505388	0.003635237217433092
0.6184187968919462
50	12
-0.0013355039953322613	-0.0007133810985658219	-0.03162054947998238	-0.00884624388171052	0.005750559169184068	7.460519864558888e-05
0.7256924012885745	0.5220879668927472	0.2570929642399023	0.054320813890336904	0.008184621830287108	0.003439061914312184
0.44174376612653976
50	13
0.006246864548382629	-0.02274971155565595	0.01344245073777444	0.08516207693433128	0.010836508530038026	-4.100075808349805e-05
0.7297834882907743	0.5576901438896866	0.2671256907075697	0.08516207693433128	0.010836508530038026	0.003472910013907832
0.6144632673209759
50	14
0.04214319413911388	0.001164511596569906	0.006958862906399911	0.002130071978204968	0.010062487377855967	-0.0005423958649757362
0.7517125545678598	0.5217708134029109	0.2681167993726755	0.053330408424923224	0.010062487377855967	0.0031062242917580954
0.49177391410819293
50	15
-0.2761739631913034	-0.3906253899516942	-0.0006283478022124197	-0.161944279102255	0.016874502860559058	-0.0004359514439795631
0.5427994482832391	0.24457693669839892	0.26044934462745706	0	0.016874502860559058	0.0031006489287244412
0.5188445217666684
50	16
0.5604072920210263	-0.0077497234241222165	-0.4029238472154464	-0.00019849487773439289	0.008170257129527079	-0.0012941336302326595
0.9476287380572417	0.5247563630710635	0	0.05235977107141226	0.008983703561123877	0.0026857253764295376
0.8764542781228087
50	17
0.006929710491060925	-0.0023549993054844164	-0.05641260392439004	0.00010436917106100004	0.0004550284579741898	-1.5687143641923064e-05
0.7252080406262222	0.5193521140307682	0.22693449020091075	0.05433344411210005	0.005238457229407668	0.0033898770990248932
0.42504385825115953
50	18
-0.0339097601704355	0.1438757423817874	0.005018432312476851	0.008378657165996225	0.0005705151754666403	1.1902389278940038e-06
0.704612474820541	0.588739642364146	0.2572324749960817	0.06355044917678453	0.002036481055070831	0.003415219951238392
0.6051811325294666
50	19
0.0001313714485362215	0.42009757451234575	-0.028117754417035748	0.0060142742352148285	0.017984627960195735	-0.00032280320510647383
0.7246424472456863	0.7865413972458275	0.24365968641583163	0.05389863014648217	0.017984627960195735	0.003241751034110726
0.5248904244497448
50	20
0.0525578495178464	0.020817830422674672	-0.7305020151306121	0.0061672443702645	-0.05188348702304428	-0.00027411774456359583
0.7554794266582745	0.5195961711578451	0	0.05675614124169405	0	0.0037168211374239606
0.6572611826883863
50	21
-0.0002472591228913178	0.00011097245378563135	0.0004516030117993261	-0.0001787343779089013	-0.0008354133099237322	8.02044308047543e-06
0.7259701788711848	0.5190508443735767	0.2607021549215197	0.05402819638709013	0.0037247030106206578	0.003418084050259495
0.4098354200702757
50	22
0.03654088277458872	0.025029719000753986	0.034524472798897476	0.013136813422550448	0.014621354217570928	-0.00017420598954637036
0.7496994430849038	0.5265488201308433	0.2684817977279521	0.06239802323909429	0.014621354217570928	0.0032496550931605445
0.45202917165594586
50	23
-0.0032489960792633273	0.1063474379249665	-0.11376095917180515	-0.028043813548267592	0.008716601628314594	0.004759509367398216
0.7257594414837212	0.5334020425415594	0.18593755857428954	0.03407912724333479	0.008716601628314594	0.006974666302235945
0.5470024187886396
50	24
-0.10266247681408516	0.06194009662743556	-0.0003344090133766765	-0.45649493446418	0.010975226343713215	-0.0008508214461520559
0.6717616038875565	0.5518050633152722	0.26256480917471314	0	0.010975226343713215	0.002833070758825239
0.5672582816395172
