28	0
0.06353310091294168	-1.3613606087735112e-07	-2.8129356677911547e-09	5.830403401681756e-08	1.3353384001973239e-07
0.4461432991712007	0.49999997932657625	29.999999997485297	250	100
50.416
28	1
8.825585723970012e-06	-0.0006188911445344162	0.00027900131467248373	1.3952023916545207e-06	8.75226266683281e-07
0.3999775447102565	0.49960076864343084	30.00013749038411	250	100
50.416
28	2
-1.668478519069947e-06	4.294700567613076e-06	2.964180111612809	-2.104685729701713e-05	3.3279466945485876e-05
0.39999901232605767	0.5000027021877462	32.101098148860245	249.99997895314272	100
50.416
28	3
2.685560268675848e-05	-0.001965746453969132	-0.0006475144704996148	-2.4824446916587495e-06	3.232877311693627e-09
0.4000187204184365	0.4985938346410807	30.000082488852364	249.9999975175553	99.99999999777964
50.416
28	4
0.00014956074630912233	-4.251067443503546e-06	-2.1248616434007523	1.0513429294738732e-06	-3.6927435419197136e-06
0.39984286241662936	0.5000002180241683	30.114537389309643	250	99.99999630725645
50.416
28	5
0.0005458651585363568	-4.004692847696368e-05	0.014103721963364891	-7.85119278308741e-06	1.6873017816095439e-06
0.4001221469279904	0.49998157733412546	30.00306626515979	249.99999214880722	99.9999994913548
50.416
28	6
0.029619217474985814	-1.074749463147463e-07	0.06137587745588741	1.1701250609591425e-06	-4.5223218180907316e-07
0.4126052042472013	0.4999999740295937	30.03174861217611	250	99.99999954776781
50.416
28	7
-0.0038493054884841033	-1.689970145473892e-05	0.0018613769718098024	-7.192418634355066e-07	2.6902199656629982e-05
0.39791454626223655	0.4999892930984498	30.00092043967994	249.99999928075815	100
50.416
28	8
-0.0028418115773539898	7.877935159710373e-06	-0.0004177326563744075	1.8183521251984648e-06	2.4837308848287084e-08
0.39798552488717304	0.5000058208903799	29.999587236715783	249.9999979478508	100
50.416
28	9
-1.006495857433994e-05	5.315202471706541e-06	0.0009539164812187471	9.032243527909414e-09	-2.3747096566515303e-07
0.39999798634511147	0.5000035387308477	30.000241274973543	249.999999995512	99.99999976252903
50.416
28	10
8.996493303171496e-06	1.1712568650599075e-06	-4.634912152920617	-5.050989294811607e-06	3.452844443940876e-07
0.400002918175971	0.5000008016670576	28.42634084186641	249.9999949490107	100
50.416
28	11
-0.03613017247377957	-0.006058196658764297	8.028951418204943e-05	2.1650708533622318e-05	6.3436428237954314e-06
0.375163762150183	0.5028144452890505	30.000051254491783	250	99.99999335870372
50.416
28	12
-0.00021139287578858586	0.00527499243301628	-0.0004444070835813097	6.8685808152747726e-06	-1.4695463749569254e-07
0.39985242933325377	0.5035948581502967	29.999720211740094	250	99.99999985304537
50.416
28	13
0.0005975793482431725	-1.3298729241232738e-06	0.0001497320440077645	2.207777764482868e-06	1.285860380248017e-05
0.4003976021079243	0.5000014189995394	29.99981831395861	250	100
50.416
28	14
-0.0002521735879200575	0.01160675211522749	-0.0001853601727644121	-3.1123183655634953e-06	8.576826206819125e-06
0.39982913703379047	0.5059389566152777	29.99990832349946	249.99999688768165	100
50.416
