12	0
-27.29458731334808	-1.3594302108491327	26.42287154885195	-37.5
381.1119732927168	10.175899207651627	231.27082061877064	60.095431941065115
26066.425333333333
12	1
450.0	-15.0	-112.45925275332209	0.014820941372656916
670.9852965995665	0	147.88524619355744	90.15342436062743
47623.198666666656
12	2
-16.054749464108962	0.5189530743181822	9.255736819069774	10.968251000375677
392.33850837305675	11.006046633632147	226.77465720330414	91.60266527343597
31880.620666666662
12	3
-128.62977667471506	10.525079908134346	-2.29051833758206	5.7843310933525975
319.5962990449862	14.474656266559958	221.50403317134314	92.76935659029084
31116.27000000001
12	4
351.8119391487515	0.027220978661528204	-0.5222565059807858	37.5
640.1221846741349	11.022639152408615	221.46208234745487	136.636190069421
27223.277333333328
12	5
44.43124209173394	-1.8064966109850307	150.0	-0.007073291380936819
419.33883321288846	9.968749907322026	482.1081440818538	89.92564682763472
19141.292666666668
12	6
-1.448304151941803	-8.654859979195505	0.10909274011735093	-0.036616239780391954
405.13161316046774	6.829872190846427	222.19031055756636	90.12130485207076
17868.623333333337
12	7
-0.4832542053910942	4.498034659395762	29.46761358385399	-0.09615697490513692
403.45857527342497	11.763381374266707	98.03132321791121	90.09583120403275
44770.34466666668
12	8
-253.22242350640448	0.5612077564681068	8.425479204128136	-37.5
226.55309846610805	11.684611784078257	219.9957210946201	78.56268376905476
27311.74733333333
12	9
25.060400267751938	0.7664250204617044	3.127077413772286	-0.5358036939196711
421.5791286423428	11.618416723150098	223.9644141737644	91.33471414337043
24746.74933333333
12	10
-46.461527657793944	0.13215074619072623	0.11844723298146555	4.325936053028545
371.69137402131344	11.163662590806286	221.87354742183243	86.89533686485615
21296.13733333333
12	11
-450.0	-15.0	-8.042915243587903	37.5
46.679908746012075	1.3518195727280116	223.5030497439919	90.46146840162459
30402.63466666666
12	12
-0.42629948075814517	-4.755011519772484	-0.520653819587912	13.979525654865151
403.82921759405497	11.089868991012764	223.81985652237194	100.00477857908767
33233.86666666667
12	13
-1.6521613779273774	-0.01675094263762776	35.83586799733022	-0.33973402981870454
402.9330954566931	11.113063671903703	237.45759858202274	89.96797367084011
33750.02266666667
12	14
3.870812835243029	-13.975287574491471	13.81701279774699	0.045751463734080344
404.9582303610427	8.203313038207007	241.47967910561923	90.5406178588013
52261.22666666666
