14	0
8.679101058602352	-6.189823822922198	-0.7160722504536605	-5.38191447927731
398.11057535372584	6.961105178833907	224.66895672028534	84.70146617426111
28036.250666666667
14	1
77.80437047442422	7.576537156896472	13.440540924911204	-0.03144180550215921
455.3611580608383	13.021264242112647	215.80273774893652	90.11747549439839
50150.45666666666
14	2
-30.878799667063003	-0.13141959137458517	-2.8091781442607946	0.8639764142228439
386.99207694630076	11.026249266170675	221.55335333624578	89.67528590488854
33874.666666666664
14	3
-157.08061929861708	15.0	-0.13888979253809908	9.891240028254531
304.264758083685	23.026539343941632	221.79708241069991	97.04517596127435
32250.531333333343
14	4
140.73972638219266	-0.026899363244903603	-0.6080768110299573	-32.04525229417755
508.0087403004739	11.080243153716856	221.3577049781422	90.52704363265272
29829.53533333333
14	5
101.14843300091036	-1.483025014013777	150.0	-0.20214038211571775
464.5627113533243	10.215355813681084	362.1210235377474	90.03305290656986
23939.068000000003
14	6
0.28471373417181306	-15.0	0.7895448492673517	-0.01577329026004235
403.89088099794185	0	222.26971940907782	90.15448328672639
19999.731333333337
14	7
-0.007017457078559462	1.4369500650480387	-70.11919207598288	-0.04626259683716569
403.59218112807974	10.727340112701627	309.074270596217	90.1638114235262
49581.444666666684
14	8
-183.74662847975316	1.3677693944832883	1.2576415520080133	-37.5
272.1088368484547	11.93908172815727	220.91893780980237	70.35609982740291
29484.08266666666
14	9
66.02266205816196	2.2020553530877596	11.65476542856259	0.271539561440451
442.63812248291936	12.612625282459003	228.37633050959536	90.2365591928662
27745.915999999997
14	10
11.603795005409872	0.147213651399688	0.5170006466815708	1.8374547872380314
403.6038509667169	11.175598246050928	222.0695539836807	89.32101846321335
21764.419999999995
14	11
-143.9507602112385	1.718914017006725	-2.469789759087238	5.675840701540255
295.4047542123684	11.299835833927624	222.22173430118002	88.47151474415325
33192.600666666665
14	12
-0.6881653876174324	-0.33412568932069714	2.2201748534331256	7.791228384505457
403.16806359902967	11.640507719981176	223.25135744351715	93.15939050958137
34134.65333333334
14	13
-2.862273662963438	0.04787796260043072	20.209868208560767	-0.19927507222811114
402.05384008313695	11.132776186801376	224.52286365344295	90.04404681431706
37677.32000000001
14	14
1.9665243563675414	-10.841868169838731	-0.621658808035621	0.6785160378235866
402.3835338897393	7.031909715088636	236.4876561275312	90.44895893862652
55588.49
