24	0
65.05972440094202	0.39040026793687566	2.0220588907859205
167.11748086460648	61.03595687905283	622.0862251710446
188.24800000000002
24	1
0.029591851454779855	0.07563592384578066	80.87587885807147
165.11349563839738	61.61594642602134	644.728356674302
132.67466666666667
24	2
0.1994425879277659	-0.0033339430130013394	9.480994721501679
165.2926276961251	61.56681582200174	628.2564459918564
362.55199999999996
24	3
10.546450700641206	-0.0019017613376823945	-0.012018792470574653
168.5357649547379	61.56150679130281	622.5274069173603
16042.87199999996
24	4
-0.4084237302246342	-0.010405529700339337	-150.0
164.92506160443972	61.565510174097376	307.02181244822515
35153.27466666663
24	5
0.5316857460302835	0.050987322159690464	-0.050409384046981656
165.4664731329756	61.599212295877656	622.5216079442283
132.67466666666667
24	6
396.80771471605794	0.006389810840753472	-0.3737827238757766
396.80771471605794	61.56445509021161	622.6829062470696
145.744
24	7
0.02857206864279886	-0.18661249172978084	-25.50297120543415
165.17211153478914	60.84749442588996	595.4634450762147
132.67466666666667
24	8
-0.0704911742019087	-0.008524406243528276	-1.8256213117700266
165.1080617202106	61.558153328041364	622.0605308087597
366.424
24	9
0.9561559323260322	0.0026127518247331004	78.06274609452507
165.80997324048528	61.56077216728181	680.6695170304641
11881.517333333322
24	10
-5.669564596664878	15.0	70.48439451346478
161.17904400481342	71.86087842859308	670.2954401795965
341.9013333333333
24	11
0.011490360787313952	-1.1912250510894657	-0.003031417171758308
165.16012021006424	62.316978767615744	622.5299198755324
337.208
24	12
5.519541200682666	-0.002247338434857355	14.812123585863244
169.2117533271628	61.56209459129415	632.1946666966277
262.776
24	13
0.3059257589591931	-3.0558121062786823	3.27110197157832
165.28635204813307	59.59806826362367	623.6891158324695
20526.935999999987
24	14
3.2492988290879943	-0.2726310245720849	-0.10523409311840579
166.76889856400595	61.380003377225	622.4670791312606
10954.103999999992
