7	0
0.15	-0.017427307009898432	0.006549737768698067	0.000882979655847426	0.012361560177757714
0.38769463556557027	0.4992283578638124	30.001529785579574	249.99963212675036	100
50.416
7	1
0.12787467866207491	0.04908199979975576	5.357484352221836	0.21129604966738	0.47964341346175254
0.48231068354832696	0.5330392155317815	33.19279792276977	250	99.96892487354127
63.408
7	2
-7.617989057830045e-05	-0.09766426359491089	4.138648280041171	1.5493222664828192	-0.04852616113707299
0.3974197256364785	0.4921790012145041	31.718726161799065	250	99.95147383886292
50.416
7	3
0.15	-0.09604085969994282	0.7135133990723953	0.6719161432138527	0.004072287580821127
0.6620271628600218	0.4495092083647335	29.577724039121993	249.79757702927162	100
100.416
7	4
0.018065666151254194	-0.010120466022133784	-10.125560184737488	-0.16902731384157363	1.119173385336608
0.41212268744861164	0.49283444110952046	25.47050962953856	249.83097268615842	100
50.416
7	5
0.03635125812137427	-0.05866603614024679	-0.769980444743916	0.9548665388948349	-0.11417309563673592
0.42295286493648954	0.6672967631651426	30.400404440984204	250	99.88582690436327
81.344
7	6
-0.15	0.001168581787257413	4.162318755606839	0.022596382657370132	0.13408218212936077
0.2932302835550742	0.5006399496429401	32.92952770296375	249.90510692498566	100
50.416
7	7
-0.001513734807797527	0.0008721289356468653	-0.9661821989213347	0.8098797668165609	-0.17039033476674417
0.40188503957763216	0.5030009015682684	29.4375280478463	250	99.82960966523325
50.416
7	8
-0.05275717641024919	-0.043131291811608116	-0.289778855421863	0.44523907778409977	-0.05406869256470021
0.3579448520234014	0.47961629302531505	29.810994323160536	250	99.9459313074353
52.128
7	9
-0.01065872475113415	0.017250597834953973	-12.0	0.12610718289334394	-0.2676672324172695
0.3936362293646862	0.5125322069273391	26.901396137831746	249.97202729699225	99.73233276758273
50.416
7	10
0.0011786311502474513	-0.15	12.0	3.6337491984223753	-0.04878350284088078
0.40083171022910835	0.5108599299587959	49.8272093844698	250	99.95121649715912
50.416
7	11
-0.024795125199025405	-0.15	-1.3877426100405685	3.5136677199513606	1.7946451114211903
0.3857146673241144	0	30.183527550824383	250	100
50.416
7	12
-0.01741154999658834	0.15	0.11208074554668015	-0.5898800698613923	-0.02039473479687213
0.37417766795912133	0.6840396438190195	29.98050438815536	249.41011993013862	99.96878181565009
50.416
7	13
-0.04446821704096456	-0.03844319020921483	0.011187623965503357	0.07466164457465278	0.148320785563301
0.36422847257750857	0.4950918269636365	30.007026167746073	249.9826276830076	100
100.416
7	14
-0.15	-0.0018341615893624744	-0.35014365056694385	-0.6092808322971506	-0.24242160406681026
0	0.49246378092564436	29.131561446683488	249.39071916770285	99.7575783959332
93.904
