17	0
-0.3519427167192876	-0.2815459615437824	-0.23426809543226235	-0.4300772086178664	0.07292167486891536	-0.0643259621044599
0	0	0.024944567980858423	0	0.08182760336975693	0
5.317756091645516
17	1
0.9532028204036862	0.10895061950494836	0.06530604694126355	-0.016606867501744397	-0.03251497216321073	-1.748175873472727
0.9532028204036862	0.12298076171972579	0.1136627353332201	0.015366824237569358	0.09534233282474397	0
57.468809103720126
17	2
0.12059790470953526	0.031831163970536425	-0.026759593163510835	-0.4093545042621916	-0.008618567302468027	-0.046766925783392074
0.29057578118966304	0.07637926306739534	0.13139119574520516	0	0.05202861186094708	0
4.274939444862157
17	3
0.3399514157210079	0.1388362515426639	-0.5179735061127515	0.06378894743650156	0.11042357704257658	-0.006183081034472921
0.3399514157210079	0.1472989383924123	0	0.06378894743650156	0.11042357704257658	0
7.864640749009288
17	4
0.21237742974290622	-0.20105053585734356	0.23822765576864727	-0.1984077983393926	0.44036819225857804	-0.12737015287648007
0.3455564093871458	0	0.23822765576864727	0	0.44036819225857804	0
7.748977904883732
17	5
0.2521206978067858	-0.04670805719452962	-0.21489780786734672	-0.020168976581354227	-0.0021255498298595023	-0.16803338481163094
0.2521206978067858	0.1308249727480714	0.06259988628656091	0	0.0327159762829249	0.05356235647154575
7.094104582237615
17	6
-0.1060466957786882	-0.09397267105628232	-0.5619074456301587	-0.2369647395532637	-0.014405897395877734	-0.23396182793914724
0.4522087021598712	0.004755381663595487	0	0	0.03158009672715344	0
5.182273589874649
17	7
-0.07513934181500656	0.009015217730852412	0.28491707097353824	0.13387907209720673	-0.034973133330036606	-0.3485299895651415
0.15904017050789673	0.11205056968831516	0.28491707097353824	0.13387907209720673	0.022709681368540173	0
5.000205568979262
17	8
0.7416486042242819	-0.2003596553400027	-0.08553568120080521	-1.735306766149761	-0.12653774546218055	0.3008955368635716
0.7416486042242819	0	0.045684316035464606	0	0	0.3008955368635716
45.999316636888686
17	9
0.2608678357325089	-0.6001447306798312	-0.13814379377102426	0.13913085827638993	0.0042180420424210475	0.21856616652281344
0.2608678357325089	0.11951512632737726	0.028854435354289498	0.13913085827638993	0.034941328490201554	0.21856616652281344
60.89552223457762
17	10
-1.9480269687348049	-2.4897992018926964	-0.23230404128568638	-0.48455509159452603	0.23619182775708272	-0.03115596538296341
0	0	0.05513909427534064	0	0.23619182775708272	0
21.240719149867545
17	11
-0.5150112719113047	-0.3540001053720703	-1.539230113568974	-0.1053484160314159	0.09156662140838528	0.08631307987282771
0	0	0	0.16055000885344792	0.09156662140838528	0.08631307987282771
38.42189962517321
17	12
-1.2202877071374894	-0.09659082818383352	-0.2653637119862577	0.025714578722950174	0.0079071783204351	-0.07444794201083639
0	0	0.002832284086072112	0.025714578722950174	0.042393640322378204	0
5.000368764342416
17	13
-0.4142674667527777	-0.16358074986556484	-0.5344825120405243	0.012813629886031457	-0.08312751944791755	-0.2732612084653414
0.06124066864148853	0	0	0.012813629886031457	0	0
5.388394883940705
17	14
-0.5172429852415399	-6.762003216796076	-0.03316634573041197	0.9730689642486245	-0.07649226790824383	0.8790773342590664
0	0	0.08010459239930111	0.9730689642486245	0.10975624722918532	0.8790773342590664
2741.348834463627
17	15
-0.4980104215272022	-0.14589652751497406	-0.6321075836770583	-2.266206817940463	0.1301948265708497	0.475932994120265
0	0.01549265003283709	0	0	0.1301948265708497	0.475932994120265
70.00086681720714
17	16
-0.29360404958613323	-0.24272037317912534	-0.2854045623551706	0.26138375868654745	-0.40470589228365766	0.3092157907048112
0.0915812364243328	0	0	0.26138375868654745	0	0.3092157907048112
9.327644803452973
17	17
-0.06860603086126366	-0.1242366238367988	0.4373791821120958	-0.5515289080387012	0.015129873710794118	0.037386117006709345
0.20112281788231107	0	0.4373791821120958	0	0.029851997629888646	0.037386117006709345
12.021129490953726
17	18
0.24928317602419006	-0.29500238502295284	0.2998817652393714	-0.0771205238774444	-0.002571887524091968	-0.24977220876352088
0.37384141082371447	0	0.2998817652393714	0	0.03356974999480149	0
7.604180603913711
17	19
-0.8172320562106627	-1.3749155237935242	0.045216659020951025	-0.00979219487742839	-0.07528094878509914	-0.1614263895262349
0	0	0.0852163075763404	0	0.11924946034069411	0.02480630665574346
28.06949370919713
17	20
0.11076755707300548	0.10703018253945311	-2.0649075248959248	-0.04063258264744541	-0.045354017490474116	0.0937813978113578
0.2785656225628979	0.11733806020703491	0	0	0.2193394474610888	0.0937813978113578
10.081316743252707
17	21
-1.0390519336714183	-0.7294660483866549	-0.42915647339918556	-0.11469105977962549	-0.42658758759044835	-0.30842977693792734
0	0	0	0	0	0
8.33740268549847
17	22
-0.35953130233822705	-0.030309102828907572	-0.7000498598659619	-0.2712992725443433	-0.25332645621155336	0.004439440889317393
0.21860223659792266	0.04661277500230422	0	0.12823827989521414	0	0.004439440889317393
7.324577306510602
17	23
0.04292265807242019	-0.16164966208933898	0.019526874509635955	-0.008151176167036641	0.07074727834715168	-0.22621147514808987
0.21654062916919828	0	0.11363665643936728	0.005249004013267861	0.1135669412126298	0
5.841394688700262
17	24
-0.048446337853756176	0.016617701262771498	0.26669996688714365	-0.2729413208787126	-0.41821831800338455	-0.21847001479003125
0.25104560484389216	0.05808899634831665	0.26669996688714365	0	0	0.2600976978028711
14.706965482259019
