21	0
0.04356302068892354	-0.4610504079013996	0.11261289962245616	0.031560315723882224	0.03212952572834588	-0.02161543726579357
0.6265291154520529	0.35090454622819667	0.2330830822196171	0.031560315723882224	0.12524483549622226	0.02710475375845362
5.317756091645516
21	1
-1.0754475092298021	0.032712411762699845	0.167646771388489	0.002293428059790663	0.06001783333902322	-0.5568273645612142
0.015498803832825203	0.4281801902047749	0.2847169328169618	0.005775831109069602	0.18425848364457564	0
29.32456161102186
21	2
0.12750268907136764	0.027351588776776865	-0.07300259208397546	-0.05816796303500604	-0.0035413146328731673	-0.14142605676381784
0.6584836126760226	0.47444632916734686	0.14010211423858104	0	0.15540800377762026	0
4.274939444862157
21	3
0.06936296754751886	0.0893562604796312	-0.05317892703896637	0.014295716175012057	0.051536201913098836	-0.11688424188523235
0.6924533154447821	0.5131946288770644	0.14261205000609248	0.014295716175012057	0.1701074205381896	0
2.8401471429966043
21	4
0.6871399392590449	-0.8416650662030313	0.12503627480140433	-0.028228365110058336	0.0004312836216850118	-0.04355869332998627
0.6947727481909451	0.08893690502314089	0.26194726111612493	0	0.1731409935834548	0.01746791898834031
7.748977904883732
21	5
-0.5868621170439993	0.17006762249119217	-0.21377209191749824	-0.015511803842055315	0.2643215970741804	-0.0971396567629718
0.28372539590383494	0.5695151429885434	0.08363967830506441	0	0.2643215970741804	0.014412080881569825
3.84045922551775
21	6
0.40471727912472066	0.12502294320866542	0.1465737217589412	-0.022292342026266225	0.038590914267228923	-0.06930490005874927
0.9388455008536748	0.32649144714142236	0.26422215904084373	0	0.1533218908354786	0
3.9127290201123746
21	7
-0.010626886960566814	0.3684160874583816	0.12383022323896317	0.03377957699598703	-0.0065220668015079615	-0.2649971725618323
0.6469036870753497	0.5361407445483506	0.25473437877292326	0.03377957699598703	0.11658024482784266	0
5.000205568979262
21	8
0.21874495163177532	-0.395947628381338	-0.3388868537163774	-0.20094377389053653	0.07216198920415302	0.08488632156241901
0.7955403909096136	0.35485627233421446	0	0	0.18812352818291345	0.08488632156241901
27.79081948489783
21	9
0.2746301641003983	-0.0412742209774887	-0.5247186801154444	0.034927200241311664	0.04268504403747734	-0.1617333998432617
0.7159023550902073	0.4260018051518807	0	0.034927200241311664	0.16757525926566433	0
6.46661494144467
21	10
-2.4674653043309434	-0.6091771012284068	-0.03558533609975809	-0.056177075496647806	0.011605859133096997	-0.06484565591205654
0	0.043582808966515785	0.23448075528578174	0	0.14628681165087798	0
11.196179213715073
21	11
-0.9747808739975237	-0.3756073820884025	-0.1103165365999918	-0.09797730163447284	0.46163505341391065	-0.15883715018236688
0	0.37276092649666404	0.27746393646099443	0	0.46163505341391065	0
5.304666028252168
21	12
-0.041470067881988995	-0.4165888849498516	-0.03888337782994102	0.009034563574836042	0.03334663535598047	-0.16828946250751306
0.6164534233895386	0.16256936071233774	0.24675067681386156	0.009034563574836042	0.1477837512697806	0
4.0384879516692775
21	13
-0.2959025146538992	0.27982832040126776	0.050033177286413336	-0.0001349831263065798	0.020262761126810178	0.004807106203557395
0.47175604492983986	0.5474746276590436	0.18583881251993445	0.005468880485501088	0.128049716075319	0.02583507232553558
3.6868105117240733
21	14
0.37592969534526144	0.2014121119293246	-0.03025712073125026	0.10421566431322507	-0.1337138994249905	0.12973480134364504
0.9167318353960971	0.527323292601846	0.15871985160684765	0.10421566431322507	0.07261365106973194	0.12973480134364504
6.417759627087202
21	15
1.0410790081426835	-0.4481376329877005	-0.1789697375393299	-0.11555765661846282	0.2604403494761178	0.15717617214087612
1.3842095865973176	0.1835626418921512	0.14191577263973956	0	0.27562628025276004	0.15717617214087612
24.12424866704421
21	16
0.462565148765983	0.1454091049297514	0.07437539382403298	0.00368584366570829	-0.0546605870809513	0.0754959745295559
0.942558165716234	0.4822531185147648	0.22709852980860196	0.02616816588131196	0.12208310124872589	0.0754959745295559
2.74227067907671
21	17
0.18340929956625518	-0.00551172203648833	0.038513873789769226	-0.0773669250265979	0.23629628081558493	-0.1358094986253933
0.7535617743046702	0.4376942922687276	0.21413498470030543	0	0.23629628081558493	0
2.9941892912817587
21	18
1.1275257429226082	0.18469438947832045	-0.1129330303964888	-0.0025330729824536453	0.04562694812801453	-0.05432769809725818
1.3288412802391814	0.5250187759076375	0.1064293897946702	0.0025335406529173946	0.1563356657493421	0.06357890290042159
5.952032422905822
21	19
-0.4135662973889742	-0.6382111723141107	0.013440699814837077	0.0027999692615853274	0.0065572160961108825	0.046199012793222874
0.5843570547316435	0.774324378770309	0.15592803002771743	0.0053949787466751	0.13195193131343044	0.056378690185221354
7.165641434502655
21	20
0.10433960081478556	0.0848470981215458	-0.0856632620335213	-0.0009435426547015255	0.0017888343314754517	0.012653626990023726
0.6831885299133629	0.48559994056807143	0.14093897528209842	0.0039968883073747165	0.13103377814231	0.03252838146216818
2.733829652336674
21	21
-0.23259082435833428	-0.15890317902034048	-0.4107219019851312	-0.012859675293455042	-0.00861077413381058	-0.07178772242490503
0.5121740625046851	0.39070598990783856	0.06569043244418166	0.0010749787488481266	0.1105591250160684	0.010417487634956646
4.546516447864355
21	22
0.15390926630318025	0.6997890388893565	0.17517540407352017	0.004284064321486464	-1.0157614878627843	-0.05857636884656494
0.6895064824789036	0.94469456344288	0.2892363614025159	0.008113940862267306	0	0
4.727669501268038
21	23
-0.5838662093686459	-0.028237720041669124	-0.18641354292006318	-0.0005728212449524295	0.03222113721776921	-0.10444747173866309
0.2449923881434738	0.39292053443553043	0.052436727892749946	0.0041463943539524414	0.16188588803179596	0
5.841394688700262
21	24
0.7192266977032257	0.18306553013385668	-0.10569678253578156	0.0021987493727075366	-0.1569822864702698	-0.29282653164337774
1.137661376896484	0.564249848947957	0.10654437155877018	0.0060171391086717456	0.03247911177682988	0
11.143146389384635
