8	0
0.0	-6.2637593443212465	0.30260486712455265	13.5	-29.095844565894343	0.0
10.0	94.07572779993448	95.4197658312077	95	0	0.0
7.739106570471508
8	1
0.0	3.302788651624302	2.411881010233801	12.642112417780446	-11.038551119497626	0.0
10.0	97.37851645155878	96.48760881016828	76.90212358339392	2.898747881886834	0.0
7.97789309017744
8	2
0.0	0.2769802081957591	-24.909532253327274	13.5	-10.969243327944278	0.0
10.0	94.35270800813024	94.07572779993448	95	0	0.0
7.952293302784142
8	3
0.0	-0.29405439513043696	-11.151673051358769	4.339106606634275	0.7905479140920028	0.0
10.0	94.26318175430596	94.07572779993448	57.361156755593726	0.7905479140920028	0.0
7.5887065704715075
8	4
0.0	-2.04829390333938	-27.399331977665874	13.5	-15.871658521630335	0.0
10.0	94.07572779993448	94.07572779993448	69.61457245268062	0	0.0
8.618931299120613
8	5
0.0	0.4629390035032156	-2.443163561582205	-0.2051907060281395	6.946681602173128	0.0
10.0	94.53866680343769	100.09362673353617	76.36391714781709	6.946681602173128	0.0
7.69396964721465
8	6
0.0	2.030547224294507	0.16886418337424247	-2.4732	1.3682573381880094	0.0
10.0	96.10627502422899	95.4557748183221	75.20367103115014	1.3682573381880094	0.0
7.15445429000969
8	7
0.0	0.16619561187130857	4.915593900254766	13.5	4.160669272908707	0.0
10.0	94.45802054062392	98.99132170018925	95	4.160669272908707	0.0
7.5887065704715075
8	8
0.0	-2.0538242440125103	-0.9568888970117084	13.5	1.3193097611392344	0.0
10.0	94.58849381848032	99.74552022666523	82.06086273774281	1.3193097611392344	0.0
7.739106570471508
8	9
0.0	1.2473723114968185	7.543189999223257	13.5	-2.5440608870299704	0.0
10.0	95.3231001114313	101.61891779915774	95	0	0.0
7.739106570471508
