25	0
1.9443696982053995	0.02919258939442268	49.815838324411644	-0.11084403222413684	-0.01781435780716425	0.040419658510380596
150	16.14457085525118	468.3448425435803	70.2862886483057	80.2157758138287	244.47024809198732
1207.291074567215
25	1
0.003423411587274475	-0.14193739753010984	15.00166547901887	1.639922034500629	0.002196120791677212	0.3711031169789962
149.36747316783067	16.57883204475958	455.040395518558	71.3924929691082	80.2264194470369	244.634718811108
1180.5415774965318
25	2
-0.796661046498623	-0.3024847502862651	-95.1797108338128	1.5329564177778507	0.5286261485765337	0.006256374197991235
149.20333895350137	16.22385031741853	375.6946914739072	71.29789897938588	80.45183371275031	244.4422223125668
1189.925205263952
25	3
-0.04727126808895427	-0.00765578055519856	-0.4198886182279431	0.058586056682423227	0.005839922550905695	-0.06819683302703906
149.3408400459674	16.122616525690354	445.3867950975822	70.38970030667207	80.22807601720656	244.41235466814794
1180.7291295341959
25	4
0.06414906905449268	-12.725419803703868	-108.0806525851524	-9.692407493873638e-05	-0.12639167540737684	-0.014198103471139149
149.38987472902352	15.292385985305454	443.0964507866795	70.34881868676517	80.13786061262095	244.40823830758677
1276.2403646864877
