6	0
0.22106860176755527	-1.71167424	81.8904	2.1984	2.407225332660162	-1.374
149.0143622602416	17.63152576	489.9743363546802	73.54496564917656	83.53402488990885	242.32447688875246
1208.1004896431343
6	1
-5.41201374626387	-3.6917001404156253	-447.0	12.0	-2.399317302561011	7.5
144.58798625373612	60.243829342079096	1093.4138207741762	81.91591933476785	86.61873678703066	243.7537863180914
1300.1354195255751
6	2
-4.594780774992035	29.349106816730277	-447.0	8.1097401246149	14.25	-7.5
145.40521922500795	39.34910681673028	20	70.01639568523291	92.87011310483909	232.76788787426736
1780.3306956899967
6	3
-0.3433628980877229	29.470733321344383	-447.0	12.0	-6.1275493190361425	7.5
148.63241903252577	39.47073332134438	20	81.94780261496584	84.74255646935073	249.66234356495497
1220.6610010097563
6	4
4.265506968857883	-1.71167424	-447.0	12.0	11.479939365355293	6.863542817711086
149.4248197542223	17.63152576	20	90	88.43692937293699	241.98398656732724
1283.0603171746664
