25	0
0.017319872505798112	2.028766914759042e-06	2.3430188409353678e-08	-6.671590835339961e-08	1.1180827515781855e-07
0.36363184256393866	0.4999998971265503	29.999999976414713	249.9999999332841	99.9999998047903
50.416
25	1
6.218944067500157e-05	0.00024326789551390088	-0.0024702859016453734	-6.293529158056799e-06	-2.6678786666092355e-06
0.39998784361812106	0.5000963068079641	29.99875963042926	249.99999370647083	99.99999733212134
50.416
25	2
7.512777848408405e-07	-3.681076001631755e-05	-0.5308878176719807	0.0002470653835733547	-2.5213305802393184e-05
0.4000003601535407	0.4999805069396626	29.66369076925835	250	99.9999747866942
50.416
25	3
-2.6915609974283735e-05	0.001242746742067497	0.0027845111056516506	3.87729354157165e-05	-1.770133272333825e-08
0.39999472919594015	0.5005877994487903	30.00119107791811	250	99.99999998229866
50.416
25	4
-0.0001692310428272719	1.859389283532738e-05	8.360268402754285	-1.520476973983621e-06	2.1613754321451233e-05
0.39990790918728075	0.5000040581181969	31.489160050618473	249.99999847952301	99.99998319791607
50.416
25	5
0.004348910351999182	0.0005967637376393138	-0.03893915336922782	2.0440999558065333e-05	1.5040049508135256e-05
0.4017782586030884	0.5000870145947511	29.990397078540695	249.9999418517015	100
50.416
25	6
0.0015657726496523597	4.2970599972881896e-07	-0.2373903085253042	7.830235413505812e-06	5.492665310436051e-06
0.3867277842235283	0.49999996757319176	29.87866620368865	250	100
50.416
25	7
0.009191749078642194	5.05434990924883e-05	-0.0008148712501125587	-9.312832805457537e-06	4.513883183708705e-06
0.4065472930908825	0.5000283851589647	29.999687851651796	249.99999068716718	99.99997955269235
50.416
25	8
0.0020845165266209545	-2.3871229704802023e-05	0.012975015005987231	2.777494266174709e-05	-2.8942877930655213e-08
0.4011782770780865	0.49999421026530155	30.00021822497513	250	99.99999997105712
50.416
25	9
1.4046247817179626e-05	2.7072001859415627e-05	-0.011263564236479852	-6.689662091846741e-08	6.054630770452219e-06
0.4000022987752754	0.4999935970598753	29.99343084785501	249.99999993310337	100
50.416
25	10
-1.4266203277493068e-05	-2.3029958670036085e-07	-6.369529602813789	6.615378215824112e-05	-6.194398274061826e-07
0.3999894767095987	0.49999981637329055	26.508391169781707	250	99.99999938056017
50.416
25	11
0.08385910705170235	0.013355179853495675	0.00020251210659196563	0.00013185481563105796	-3.3176967394219536e-05
0.45746148954422233	0.5065693458952574	29.999829396837978	250	99.99996682303261
50.416
25	12
-1.0578534304819079e-05	-0.0013354929970696744	0.004220154510694397	0.00010357861579597594	3.7347363046931067e-06
0.40002906411888245	0.49916469158699983	30.002432121033284	250	99.9999997323449
50.416
25	13
0.0005609387242367311	2.4968363291758423e-06	-0.0018279006427714965	-1.9488445421524696e-06	-1.3453533535850841e-05
0.39958746299392217	0.500001576147113	30.000205026761193	249.99999805115544	99.99998654646646
50.416
25	14
0.00039756126952722237	-0.010053747340126457	0.0018140124376224255	7.135442458388863e-05	4.256790227118813e-05
0.40015390355490965	0.4932370667088668	30.00133310810031	250	99.99998071758831
50.416
