0	0
-295.4715508329471	7.6835503333336455	-150.0	-32.836131356770125
504.5284491670529	7.6835503333336455	0	67.16386864322988
82.42999999999999
0	1
-450.0	-15.0	-150.0	37.5
0	25.576421444342422	0	108.16183495332179
2103.306666666667
0	2
413.7620277151219	-15.0	-150.0	-37.5
1200.9451915314112	0	0	0
2147.52
0	3
-385.7849456955407	-15.0	-150.0	-37.5
2154.397431370993	0	565.4430400465093	0
2109.5840000000003
0	4
-450.0	-2.025417608874526	-150.0	37.5
1608.0120227748691	16.63478273557205	81.52020711857978	207.28136773550708
2533.9593333333337
0	5
-223.26082637097866	-15.0	-150.0	34.183672215084314
638.9997333695453	11.119793487301905	0	230.94258703604555
2210.104
0	6
-450.0	6.106755651876709	-150.0	37.5
0	30.878803621484053	0	122.31270275062323
2241.0133333333333
0	7
193.1077039008779	-15.0	-150.0	37.5
758.4339743440904	0	24.96739248514359	226.75039253545944
2274.8133333333335
0	8
-450.0	-15.0	-150.0	-21.274936214186564
2070.3772213403813	0	765.3987381764083	116.37975512051443
2118.0266666666666
0	9
-450.0	-15.0	-150.0	-37.5
0	0	33.57424129966097	113.51276294462906
4895.292666666666
0	10
-450.0	-15.0	-150.0	-37.5
0	0	0	4.974412029700829
2195.3653333333336
0	11
-450.0	-15.0	-150.0	37.5
0	0	0	98.84366757367462
2096.117333333333
0	12
-450.0	-15.0	20.724036917077065	-37.5
141.62419958963028	0	78.73537583113935	187.91951370793134
2382.117333333333
0	13
-450.0	-15.0	-150.0	-37.5
454.76783160729053	0	0	74.52621351306429
1927.5973333333334
0	14
-450.0	-15.0	-117.62295917458063	-37.5
1122.1985121629682	0	117.07988409001705	135.5343128328217
1293.8186666666668
