8	0
21.0	-19.855652818941593	447.0	12.0	6.682526155403339	-7.5
133.16796074732946	108.23307078821165	1904.2404974226574	59.24162007167695	88.30408490087461	242.46753218073982
6400.0
8	1
-0.4944995118156417	-10.74375837768556	-24.938648780564044	0.1829105336478679	-3.0302853647388397	0.12214696811234403
117.56716467311466	106.38263984685317	1427.763758663421	54.813344928179426	90.31029456434506	224.69945338014148
1329.041446678145
8	2
-8.968012951995139	-23.03435585947948	403.0013058289415	-0.09846798196073614	1.2525274849890007	-7.5
113.22660073437844	103.53422691850618	1500.2096927393623	56.43071254725526	92.84812969515974	217.06727957251675
4609.417055014632
8	3
-0.7249519350327257	-51.0	-140.2256634195597	0.017231807943250844	-0.2705035323150925	0.13380035560839992
117.48151165809784	63.62414680100622	1424.333392378859	56.67511349426959	91.1795988262564	225.10431071255348
5787.905283645187
8	4
-0.02853159016022208	-0.9531965575917116	262.75702977136365	0.3924791430671366	-0.6239897827020782	0.08722362792292672
117.61021791137462	112.53894210166504	1486.7339471305918	56.616418386116486	93.90775118793532	225.261934882336
1757.2369616796684
