8	0
0.0	1.7797610257245815	5.225243356269322	-17.92833022262219	-0.06562087102465539	0.0
0.0	58.22519770568527	61.67068003623001	90.56447833352884	0.04280793596125028	0.0
4919.0434831311
8	1
0.0	6.781170788611455	4.357367404587439	-2.1265614620010225	12.178253354454872	0.0
0.0	63.22660746857214	60.80280408454813	102.57269697027205	12.178253354454872	0.0
4944.9988262204315
8	2
0.0	-2.2263254455377184	8.420520716659729	3.8227096231851863	-23.437820835123407	0.0
0.0	56.445436679960686	64.86595739662042	95.32448400673424	0	0.0
4788.491519706137
8	3
0.0	1.077231052108123	-2.579071014094392	-0.010482865520962193	-5.840743312508653	0.0
0.0	57.52266773206881	56.51290406628105	93.08191100786524	0	0.0
4728.057528691167
8	4
0.0	-1.393066208321398	-8.9330144392267	0.3151939748306471	-8.38972210045838	0.0
0.0	56.445436679960686	56.445436679960686	93.04889798290851	3.9164626433024505	0.0
4681.552994260351
