5	0
-3.332834250118794	-0.07990976104851882	-73.67534823491185	2.1984	2.1650628606252895	0.22134968524800003
441.72529466151667	18.301383371731045	2592.8548842726727	77.73562729925682	7.165062860625289	15.608309045248
13.777398238745867
5	1
23.037400397585913	-1.7543123518585142	140.43478474514018	0.21656378089648354	2.6106	-7.384909357824525
458.4310148037724	24.446874953682187	2341.5429779510714	82.24299066402835	7.6106	17.19447060359839
30.479220006212596
5	2
-73.5	-0.8080881799032875	447.0	12.0	2.6106	-30.72247522491535
371.4997195383855	17.978919338719827	2990.4894119735936	83.69194679534787	7.6106	10
19.791610097772285
5	3
-14.058384789802242	0.8515383568806203	299.6383256855602	-8.948073803446672	2.6106	-28.714079322029885
440.8360061833663	18.787919883885756	2824.671642669358	74.73792291216986	7.6106	10
18.181714009394828
5	4
0.44589617872417797	-0.1105217148150649	447.0	-7.019424393574153	-7.2268529238305925	0.22134968524800003
443.6566840556264	18.3682829216987	3000	75.89082118059683	5	15.608309045248
14.579180124031902
