9	0
0.14258466547979776	1.872760024966252	61.311321161655	-3.6712055830639496	-1.1457093830033136	0.6720563628918187
78.66600657891493	95.94846835829959	4187.239580473421	5	1.352220342139895	11.228594331832886
51.91468013722214
9	1
-6.044795925505813	-34.27190494290059	-65.52824209500216	0.4778380383538323	1.0080820965771657	0.4764877086128813
81.95375872830503	94.07570833333334	4148.441216083934	6.806445122270663	2.6013048156742116	11.133928174905739
50.70961913895804
9	2
-30.564640777750718	-3.2358103141015233	-108.94113190667494	0.05232031761551756	-2.21835965978362	-1.7850933541433855
203.12544589291304	94.07570833333334	4357.530831583483	6.487531033055348	2.5867451359403955	10
55.62458010504732
9	3
30.755271145044524	-7.593917590708605	91.29844972296306	1.965309135846637	0.9343792867757409	-0.1303587229063291
58.67817467256929	94.07570833333334	4234.694970182696	7.549070552807951	1.5252931702491588	10.809443497908031
54.46675752115077
9	4
-75.0	4.801260680016096	287.2641793434985	-0.07657312690794002	-0.4159157536593434	0.5911193375885887
106.36498258098993	98.87696901334944	4102.422906597167	6.105684123620574	2.930202637932204	11.239279609721878
58.14430592098004
9	5
-24.70532794715583	-3.4914463743481274	-11.463393843726548	1.8215440131982326	-9.382978165198836	0.048955496815334815
225.67072303758792	94.07570833333334	4179.043003425158	7.546302186964141	0	10.922789916653231
55.41924383779119
9	6
-75.0	-5.886928089671578	21.27336686875629	0.2707732730022804	-4.721511816293429	0.08998811355859508
0	94.22968705842314	4206.868624464115	6.31454079732774	0	10.810624750871286
54.81308003776292
9	7
56.50156879448414	0.8688707087629579	308.1327351840237	3.7827217514774625	0.6963823209253502	-0.07361733377319091
89.19701472286906	95.22762620674925	4301.110236715354	9.024240971412796	2.296597514966481	10.438888804826352
58.26941973097503
9	8
75.0	0.9517951214541982	-99.1443517138324	-0.39291016237182386	-1.626823032443431	-0.019994353844420217
99.69977401595119	96.60029302989157	4132.106338267012	6.507453643123452	4.072138996424729	10.709114378252554
62.16973566920423
9	9
-75.0	-14.530599361755241	405.46943695922374	-1.6841136364844131	-3.1233264446617075	-1.2519777703422872
0	94.07570833333334	4415.30414087872	5.997744514082735	0.16558371990771636	10.588804039761092
52.41124383779119
