25	0
3.3217883669846042	0.9083676190680718	3.4759311178919536	5.3271297016192
404.7379816559129	11.74294868947393	223.86910029720605	93.87541324107836
47738.978
25	1
-316.98428940094686	0.012773215782698601	-9.124299620103102	0.018305518658718913
186.55615181791086	11.103092774999451	217.560296561307	90.15026737984583
62243.90133333333
25	2
-0.016048545020821932	-0.015581856303844196	-0.7379390975237188	0.06777263850994816
403.6127229513882	11.092013381614503	221.57838100293822	90.17902041148267
40359.07133333332
25	3
-0.028927068999071028	0.18664936650207353	0.00017441547369006013	-0.02611499033868062
403.57407355661024	11.060534313814072	221.77892450920888	90.1209353340104
41132.710666666695
25	4
-34.41780002821626	-2.8192338739228487e-06	0.2817906842742745	-0.28515013273687945
420.7195346130238	11.102706391073177	221.8145057532764	89.93997829889504
41240.39200000001
25	5
-4.473410708271072	-0.3172851173634012	-150.0	-0.097210747216188
400.84561800905493	10.84556809720582	0	90.0920703622185
48434.161333333344
25	6
-0.0005254278134213209	-0.05019734954044336	0.09070771250885677	0.040398621686186034
403.6148276501829	11.091048269292012	221.84317880626605	90.15925596197644
25109.78466666667
25	7
0.0008619969486799858	0.3266525451293205	-53.74327765667094	0.0003619365177842632
403.61350054312726	11.316078657622674	225.97184733799418	90.13794515395665
85371.82400000002
25	8
-0.4730777881576489	-0.7510435921909728	-0.8335055081456653	4.336124821575009
379.53446986421955	11.500169527624372	221.27840140626364	110.83764095532574
41919.91199999999
25	9
0.7737412056134927	-0.0037271610754836117	-0.22561188121080106	-0.16924170860050408
388.4198986960481	11.097718185234683	221.7165638511898	90.04175052555031
39056.29999999998
25	10
-9.040923233767488	-0.0023207002241863142	-0.21256531694094766	0.02423354428172782
397.2996745681444	11.1010550602926	221.77113572641608	90.15140641986595
26464.21399999999
25	11
12.511972808263769	-3.690949544061252	0.7000521375664734	-0.018927324170921654
410.0678578497398	8.519382971211726	221.9156435644708	90.12497671796258
44090.74866666668
25	12
-0.000969599029548346	0.32726311577863554	148.2861019405509	4.716018553532626
403.6138360436617	11.146708565007481	202.2367863276133	93.12996063985376
44961.182000000015
25	13
-56.1921372077988	0.0008314179099073685	-3.778444312330921	0.0008153951088743893
365.60380673876955	11.101919114321369	220.02833165245013	90.1391918693527
52665.87600000001
25	14
1.8796818603789527	-1.6196196252303852	-0.5349831206811212	0.001234340211454946
404.9092320603182	10.5241671251209	221.4886847794197	90.13882428453174
67796.80799999999
