9	0
-3.2882594374700114	-1.0472862862598735	18.46257507475845	0.268649629337779	-14.25	3.9251908591613898
11.945856402826447	10	2056.257901261803	46.620958190405986	73.23069306272072	206.07953405214488
3654.4557820467244
9	1
0.5137319167231225	-1.1676726559258193	447.0	0.19532940053387918	-0.06566511313347947	0.025785288918538346
13.802057275375569	10	3000	56.30833534291922	84.79718682220397	206.0865172895342
3547.521825342288
9	2
-4.111647670499607	0.12750139327520682	228.87980452755983	4.77744378677281	14.25	-0.1084095636490256
12.758328639529402	10.127501393275207	2191.8626929213965	44.73024849750752	90.59345930439449	206.12246529379627
3704.235567424734
9	3
0.2851748525261555	0.46234956937419763	-447.0	-0.5988211096394481	-1.5124046145439989	0.4630950728437207
14.046692737006802	10.462349569374197	1348.089316278502	46.36547913084222	83.98013752538087	206.36273160940598
3375.2006603057052
9	4
-2.024866791998578	0.12986403111227257	-151.68129669126597	0.6765634925991506	5.778515196538154	7.5
12.517766124556724	10.129864031112273	1948.6995751501302	46.63940115967722	87.19701733121354	214.19022417075274
3491.7959788567514
9	5
4.5744669337933646	0.07223975434519558	25.652290933966746	3.1224942598917638	-1.479759389973522	1.5448158427801775
17.063978333788747	10.101216348110778	2062.7423994060946	46.86959886632163	87.14457034298428	206.89077645765036
3612.639712933885
9	6
0.4623672467598086	0.09932346045757241	95.32779310665231	1.7543499086839036	-2.296312156477285	-3.0933364829825574
14.153718821014722	10.099323460457573	2081.325203457808	46.046773075514636	85.42504324647012	204.2104238122565
3636.220489568163
9	7
2.887156097460601	-0.20509622283824255	-36.15530978989871	12.0	-7.511288141397271	7.5
15.07263468072383	10	2026.5064460011645	68.65009628077401	79.86289214842112	211.4101680523643
3704.829687459571
9	8
5.126089793035596	0.12355264159246734	6.86597043780752	1.9233557060631208	0.0006635574493562119	7.5
17.02103673133138	10.801667954755363	2052.4945260408663	45.918637120351896	84.72596292144283	216.4769724034706
3257.6996768868066
9	9
0.179828093113451	0.3961033545752115	-447.0	-12.0	-2.5546881237158745	0.6213992830083922
14.047803037338005	10.396103354575212	550.1315178814875	14.484952821453803	85.41641851276185	205.52397575660544
3531.2683250698974
9	10
1.02595670072133	-0.040085215027823265	447.0	0.597758804785462	14.25	-0.5809404206371045
14.386335990959976	10.348840348152489	1824.3540105527265	46.812098491496776	96.70261205568191	205.94296911048474
3620.387186679561
9	11
11.225493723531333	-0.15874587120517838	-127.09759561120207	8.252932063388727	8.835101207893452	-4.338319405589699
21.225493723531333	10	1963.5014403331302	51.390153053132735	90.72267651145856	204.13778086003146
3582.88399084943
9	12
-1.7823361172272674	-0.7707786974772215	447.0	7.45896129158354	0.42391807479527943	-0.2958002996419475
13.77244556120719	10	2330.2229445123344	47.175984052894265	80.015055455787	206.01202192207248
3389.4609849293247
9	13
-0.8010454053563436	0.14677029963501131	62.06306685958066	-10.160809563985529	0.34842640646772916	-0.09622655686434531
13.53944333830849	10.146770299635012	2033.3433513831217	59.607019084810055	84.81015301609894	205.9701538670041
3585.9809097019006
9	14
0.3083624792459062	-1.1025566710792185	-2.9769619027205922	12.0	2.7219545110311043	-1.2484815040634671
13.05979889698158	10	2046.3773196006364	61.85244946312022	83.09080901593606	205.82603783889212
3643.2372475997663
9	15
3.0260063304436797	-1.2041145348949334	-16.257896448917098	1.716636161611748	-9.856345142576254	0.23978066066762724
15.94159231554149	10	2039.3949036267095	47.964958637029056	82.56587757118379	206.13807688149885
3716.2187969817824
9	16
1.1108973446043442	-1.5307314501820666	-241.41272764030555	12.0	14.25	-0.19375273153132697
13.875227353069217	10	1917.7583275817842	90	94.54748122138804	206.21605814644562
3551.0512513815593
9	17
0.06179330654169955	-0.2696056068130841	447.0	-1.8123523861792221	-0.7973238267062152	-0.10229674435616619
13.834696936734392	10	2101.449279995069	46.1318989727138	86.2923275087356	206.42411608071092
3664.8759986919445
9	18
0.023289868345798395	-0.3676065054014464	7.662039526435711	-6.059911640637046	9.253054873592639	0.6068551739411593
13.857276189871309	10	2054.6600587687567	42.210053449225306	73.82660332150667	206.30916338203062
3447.1396987047183
9	19
-0.834073817351528	-0.7937062705785796	-52.975629551947314	-0.02737288702292126	14.25	-0.0703683844457696
13.262465740055188	10	2018.907912272673	46.2212725047293	100	206.11421054325763
3585.4707734611147
