6	0
5.675046139560724	1.4017750055302867	53.21064452875115	-0.2544221938059755	0.46296849055209577	7.5
17.468959395417123	11.401775005530286	2071.9381262697075	46.48610628879011	94.14253035218698	217.92499080449565
3654.4557820467244
6	1
-0.193167840024968	-1.1951898443703972	-447.0	-12.0	-5.56922703929158	0.15349677922039864
13.675581603873441	11.407799389751236	20	10	85.15414000308664	205.48767196195985
3752.7522549497235
6	2
1.999504922379507	-1.4139793888627317	447.0	-11.237300493186527	14.25	1.0295680231964546
14.750185732577624	10	2126.4559776382557	39.333029919972304	100	207.0401575046617
3704.235567424734
6	3
-0.21316864696665444	-5.6457263240230295	447.0	-12.0	4.587975831082709	-0.6486171621606395
13.75897635219755	10	2517.1049160714197	43.612921103735076	84.58645947319849	205.97493763772334
3375.2006603057052
6	4
0.8398542486275719	-2.7012920462292156	447.0	-4.5518511566025985	-3.7942251020723754	7.5
14.197612518288661	10	3000	44.20143308342712	96.20577489792763	214.2522921815666
3648.4216156395532
6	5
-2.730369527496443	-0.9468341401117077	-95.50976330874167	12.0	14.25	-0.2928011743868679
12.105997334190485	10.735934671760546	2087.51753592202	53.241911401046	93.0399304010731	205.63891128929936
3612.639712933885
6	6
-0.5079956724750568	-1.2085316397588706	-216.66440931201095	-4.5264436781327415	14.25	-2.9345698542559506
13.537295163182323	10	1943.14886110862	43.17029694449552	88.55350732019936	204.455096794006
3636.220489568163
6	7
-2.3336546847823647	-2.6524852514605097	68.8144600145334	-12.0	14.25	-7.5
12.328101725044558	10	2099.4463323491086	34.85882919244384	100	200.59894594287718
3704.829687459571
6	8
-2.5434858446117397	-8.231205127789682	-1.4483287536388383	-5.320734959470455	0.1301592903573321	-1.7222256617829865
12.02220762673832	10	2047.8288910866934	44.921312832495204	84.67697749997461	204.8014534994256
3257.6996768868066
6	9
-1.953024986368937	-4.719523134257092	447.0	-0.42483796433951976	14.25	3.1198157230867487
13.324406877355079	10	3000	49.15126435523598	86.88740966004374	208.19858014597733
3775.6074305714073
6	10
-3.358512295884455	-0.9833151804987601	-447.0	-12.0	-14.25	0.3824726001486617
12.001028799346088	10.807426414975554	1312.409608694706	43.31062112385449	79.22158929035753	206.16374119828112
3620.387186679561
6	11
13.612973697297784	-0.1169191476769705	332.80125263001844	-2.999280111000952	-14.25	3.032720482983932
23.612973697297782	10.183911700672795	2184.6088888750633	51.4516979373746	66.28162153220887	208.11099573313496
3582.88399084943
6	12
0.6732862625756625	-2.7082257099535574	-447.0	-12.0	5.524741071754892	1.1831589948532732
15.045105180243421	10	767.4910813390661	24.261137508430622	87.78284555060591	206.50706939811934
3389.4609849293247
6	13
2.822928602943296	-1.433620843687605	-48.395454045857605	12.0	14.25	1.2384168017930122
14.231856380087713	10	2091.3516140263955	52.459604207498444	81.406246534709	206.5375903804097
3669.0120413529407
6	14
6.426587213498112	0.5498455464314335	22.2661798829125	12.0	-12.389089638094628	7.163404216574007
16.426587213498113	10.580448977348139	2034.913291711041	71.87798165886383	84.77155036847863	208.74909387482296
3762.6381026187723
6	15
-0.4428155599246112	2.2341529491500176	9.53261719690189	12.0	14.042257477552456	-2.0096527216697813
13.50325529654194	12.234152949150017	2060.767695267182	37.93787512016823	74.1204379438608	205.746630314932
3716.2187969817824
6	16
0.6005475030286831	1.3917819705197145	-447.0	-12.0	14.25	-5.17943585878289
15.651896148477459	11.391781970519714	1341.175827353522	36.08195927402951	100	205.72376426843084
3624.25536707943
6	17
-0.9961451215725012	0.2964606047683722	447.0	-12.0	2.1720831042678066	-3.236102827593079
13.61251554392835	10.296460604768372	3000	28.7059470927153	87.72279966002854	206.12117209885537
3664.8759986919445
6	18
0.10624635533222458	-0.8309675542416223	75.0416444086795	4.251805731230295	-14.25	6.676907262080514
13.819493837265956	10.985244508313658	2099.6617143507565	49.38706274480984	61.05520957131643	206.72540430675795
3447.1396987047183
6	19
6.2176977562164355	0.9783384084358311	-161.14355172257842	7.2611790558205165	-14.25	-0.8735540616242266
16.217697756216435	10.978338408435832	2083.3600360883356	46.14769886552013	55.76832643346375	206.57625606607834
4049.0466142268115
