9	0
7.521918054374459	0.7341896683849348	-2.324414071960801	-36.49144545363771	-0.33714192499893025	-5.617569705333146
7.521918054374459	0.7341896683849348	3.545144684131558	0	0.5811717626473789	0
2655607.6062480737
9	1
64.48431734134225	2.84503731626114	-7.045265441076065	4.093957729811355	-2.3427970507072517	-43.923114752453245
64.48431734134225	2.84503731626114	0	4.093957729811355	0	0
82911.40627183455
9	2
1.9276021772073655	-2.6902064058348127	-15.39624938474177	-19.93933033518883	3.8367712653945025	2.2200753872796644
1.9276021772073655	2.7979188803992523	0	0	3.8367712653945025	2.2200753872796644
715512.6378494303
9	3
11.809859479814472	14.00276642496463	-4.843047766633609	-23.30706471696612	2.1112079842102816	-2.303511560352937
11.809859479814472	14.00276642496463	0	0	2.1112079842102816	0
3737660.3415956534
9	4
-14.338786381006042	0.5305564896736177	5.421138021656577	-12.198353717007532	13.203740188621781	-2.9530480693217136
0	1.3893883079908969	5.421138021656577	0	13.203740188621781	0
625351.3159608948
9	5
-27.93018185651919	-17.689507518073306	-16.72815990658186	0.6730001757896812	1.425939332279683	-23.212013522684998
0	0	0	0.6730001757896812	1.425939332279683	0
1430694.3248273272
9	6
4.779623088540941	-11.072885492981927	-23.422881593108222	31.955346393877637	-7.180171636810917	4.658493210601552
4.779623088540941	0	0	31.955346393877637	0.30956244891261875	4.658493210601552
3395030.2642525136
9	7
-6.349900522282017	-2.3715196457445087	-28.501404708884728	6.70968213041007	-1.193560288652808	-4.54386423982851
0	1.8983169808711162	0	6.70968213041007	0.3229085416904731	0
5.000205568979262
9	8
7.883244119441368	-18.207844724076836	-50.67765023398244	12.975886892912845	-1.1397143427362564	8.167648842662924
7.883244119441368	9.31896844422807	0	12.975886892912845	7.034721297984293	8.167648842662924
63166704.95411943
9	9
7.6106095216451495	-30.401860595398404	-4.584372983645949	3.4304014582886917	-2.9710637877411012	5.255265197112031
7.6106095216451495	0	0	3.4304014582886917	1.3812502337644186	5.255265197112031
3603656.3976096455
9	10
-46.905136974739946	-52.11208865051313	-1.5302616035832752	-14.998663478328464	-7.286807075883189	2.7456722192386023
0	0	0	0	2.44573089766984	3.3134664762744768
43649154.309453316
9	11
-6.619232927361575	-16.653378093368303	-87.26224656130618	10.062474957628655	2.8406690018983074	7.104195023725501
0	0	0	10.062474957628655	2.8406690018983074	7.104195023725501
9719022.84395619
9	12
6.01084106535739	-1.336406655755341	-17.232097294128423	1.5984909501991564	1.097429111855404	-9.16503451892723
6.01084106535739	0	0	1.5984909501991564	1.097429111855404	8.14732255354752
5.000368764342416
9	13
-2.0377287736234746	-19.852074076692794	2.549714336358412	9.164518032090564	-9.936532030262347	-24.90459729211889
0	0	2.549714336358412	9.164518032090564	0	0
1277417.6363216117
9	14
-2.037038211415515	-128.99081881477775	12.160236790116004	13.407020694534086	10.0235002242661	57.603852072056725
1.4470956239876047	0	12.160236790116004	13.407020694534086	10.0235002242661	57.603852072056725
114964336.10220557
9	15
-6.110096949973074	-12.793029565839156	4.819505031676934	-104.90964949314451	-21.993193381288563	8.31596567668838
0	1.31496976424582	4.819505031676934	0	0	8.31596567668838
12585846.203091487
9	16
7.320060421626911	2.1890961291955344	-8.673521789996565	22.87570771881232	-10.217480779149867	17.71365722688414
7.320060421626911	2.1890961291955344	0	22.87570771881232	0	17.71365722688414
32362.802761975465
9	17
-4.66471660657046	-7.738237241590731	3.8335059736103636	-23.696403195324326	-58.01140497588722	2.836052045852881
1.7300949484837052	0	3.8335059736103636	0	0	2.836052045852881
44063711.7363235
9	18
-36.86500008078005	-1.4168780948716408	12.815010309916714	-30.430304375093662	0.3609128854938067	-41.79384092368064
0	2.2579658018075808	12.815010309916714	0	0.3609128854938067	0
77881009.41059473
9	19
6.088818809985874	6.857563045782424	3.2971169533645344	-0.2760632756828005	-38.92894173323419	9.915152361398569
6.088818809985874	6.857563045782424	3.2971169533645344	0	0	9.915152361398569
2708951.382603807
9	20
14.015273736062298	-1.0140471928301757	-32.95393032702766	2.3198354274479356	-22.211707643321972	-48.789107648750225
14.015273736062298	0	0	2.3198354274479356	0	0
2931343.8678118866
9	21
-11.295968857486331	5.469299244985625	-9.611587650960692	20.389286612678813	6.141079102032914	-19.890797801494504
0	5.469299244985625	0	20.389286612678813	6.141079102032914	0
52915.76588164915
9	22
-24.596222635773643	3.1863193675957078	23.83850775988732	4.214203189823665	3.5742305963040457	-0.25305516466810296
0	3.1863193675957078	23.83850775988732	4.214203189823665	3.5742305963040457	0.9056142161905427
535742.1423799206
9	23
-0.3128233722000156	0.28946183690165395	3.5693297071884396	0.9446113647003485	20.398817683953023	-8.817428188364355
0.9789479792518199	0.28946183690165395	3.5693297071884396	0.9446113647003485	20.398817683953023	0
1227.3353049642042
9	24
6.715447502131973	-0.29330484765735765	11.483665506583373	-10.035399787929707	8.164052599371262	-31.32892254793573
6.715447502131973	0.19645567567320138	11.483665506583373	0	8.164052599371262	0
480357.9961866493
