22	0
-0.7977237909870458	-1.1972169435939601	-39.42849311208662	-0.3499435526813485	0.03322261793010974	-0.05930764588757764
148.8507052540446	10.577209660981516	428.1074459482709	68.14737080974703	80.15674852634261	244.80555024344312
1186.6730846678693
22	1
0.0008954525900415545	0.7138560468895945	-2.273586346109585	0.05517907255082537	-0.01148260712236928	-0.05087410524974325
149.37240906243946	10.713856046889594	449.01667087211655	68.82477469786384	80.15279410071115	244.92006628907828
1163.130938466126
22	2
2.37846918034933	-2.225698808007863	66.77169577883191	4.197830955277437	0.30891476717751515	-0.2196325339812325
150	10	495.7738741803431	70.38128181186248	80.36842741011247	244.76923879069923
1195.7942024965828
22	3
0.09183408806777567	0.9221382156176163	24.691594117425176	0.6174833413310716	0.10255261886464243	-0.6893501647598723
149.43310450984362	10.922138215617617	447.7765317874873	68.90762774656132	80.11637034972384	244.43222552244572
1190.4002453439227
22	4
-0.26519479444671196	-2.002768427709448	74.59541676926811	-1.1704161180927104	-0.10443829952834255	0.5484788828369062
149.1886548257898	12.3492891924732	479.31833328648077	68.0734113693322	80.23350152793773	245.15667518165267
1304.9604223000256
