1	0
-21.0	17.781133360181574	-447.0	-12.0	-14.25	-2.7072465861730817
90.86622998567829	31.86775529201717	410.41939061492053	47.69772864895716	70.07442384529998	241.83591208148937
6400.0
1	1
-9.274425037128974	28.05468441223695	412.8883379968378	-12.0	14.25	7.5
120.28555538987918	108.37668013794988	1723.0360602253336	52.215664757262985	91.32132499607101	250
1329.041446678145
1	2
4.640852088027128	22.30301000056976	-447.0	4.768826302402645	14.25	7.5
117.05032236354265	32.303010000569756	936.7932931825983	59.19301901500002	100	215.0178242081979
4609.417055014632
1	3
-21.0	51.0	-447.0	-12.0	-7.480675430147788	-7.5
57.35701701612331	241.88597235965418	1276.7220208370259	51.73332443958131	92.51932456985222	216.22927386120853
5787.905283645187
1	4
6.653576990239618	51.0	218.09391295407403	0.3496414447793711	-11.96847543164566	-7.5
121.81476845895995	130.7249499919258	1352.7185408010425	74.32906529576009	88.03152456835434	225.2976712893688
1757.2369616796684
