31	0
-0.058634921541101725	0.026574458371092027	0.21576395971629309	-0.009974689675576357	0.028227026596359967	-0.08738917107712721
0.6318188136667958	0.44755199552588204	0.25809649048237104	0	0.028227026596359967	0
2.837189521764401
31	1
0.019225105045772278	-0.15110887834947623	-0.008217169472437252	-0.01537864773508139	-0.06379815679373076	-0.19622373695264883
0.6626201176259207	0.3456507482277062	0.18347967998401882	0.001224224092389304	0	0
1.5690253988109868
31	2
-0.014790411338068936	0.0359616623248183	-0.021137113791860573	-0.01728281018795079	0.05778176181852431	-0.08374665462576306
0.6550486447539742	0.46337807527860325	0.16499444631522533	0	0.05778176181852431	0
0.9555607990944727
31	3
-0.006285863646092854	0.2970230220913145	-0.08118762546959327	0.005215019196178645	0.1095376215112377	-0.03179228047982414
0.6630532142068805	0.6105314657566521	0.11680449617133051	0.005215019196178645	0.11280233346185294	0.003276981260452179
2.406624158853805
31	4
0.2508494275864213	1.2052614969761846	-0.01116458555841665	-0.022291724223290645	0.06889931337299673	-0.020018812002888936
0.8454149736028509	1.2497668445381147	0.1684024319593443	0	0.06889931337299673	0.02895683083455037
7.748977904883732
31	5
-0.010965408503534502	0.2189987808711162	-0.1232379749825698	-0.008101598521874804	0.052771344423097895	-0.12565268922200284
0.653932909378574	0.5964529345523196	0.09117518569142607	0	0.052771344423097895	0
1.1426834744647543
31	6
0.2724202618391621	-0.7991455024986582	-0.0006823633176828029	-0.004056192766368736	0.0014486209791132471	-0.0647280480821311
0.7965577673501955	0.1545015410256878	0.17615596968811048	0.0038470868130175383	0.037512318369125046	0
3.9127290201123746
31	7
-1.039221041897114	0.02075725766855529	-0.10560100595034572	-0.011435068428567058	0.029947900528447046	-0.14452694735909838
0.1287309094883906	0.4437160046288918	0.26302389253977865	0	0.05054419880571821	0
1.999792612281211
31	8
0.0015096452273944006	0.5171082427453063	-0.0038716404487769305	-0.0009264417723791622	0.09552430507452608	0.05246184029060931
0.6642639827808031	0.6775494881784148	0.17372485457018627	0.0036726226833345135	0.09707977136106445	0.05246184029060931
3.4372644923633455
31	9
-0.0327479886369392	0.016976572203627083	-0.02414296775358503	-0.05188070908838184	0.1421871360843065	-0.12384197675233452
0.6635566579681523	0.45135016155708413	0.1592736330567029	0	0.1421871360843065	0
0.9699218445350745
31	10
0.06564295144170447	0.014314156841717437	0.40598604180753994	-0.002641236638806553	0.07457100340668092	-0.10591757957643104
0.5226548930723138	0.4476567842439902	0.40598604180753994	0.00529980225518452	0.07457100340668092	0
8.852644390945162
31	11
0.0010957320906974516	0.049521122404656205	-0.007208770775606063	-0.012981101104224147	0.06905380896225861	-0.11842115416319511
0.6580616273578926	0.3943272101520199	0.17202890321424413	0	0.06905380896225861	0
1.9891418567684396
31	12
-0.009714855486680128	0.005551080637641598	0.00025949035013050274	-0.009279781233267037	0.021506063818315928	-0.0515709462694886
0.6581197097941784	0.4382505617067211	0.17571544934046782	0	0.021506063818315928	0.003328114150687754
0.9359562171738466
31	13
-0.2603657334470724	0.032217429078550665	-0.00022324834480770425	-0.015579868039211733	0.09383147741905092	-0.04944768730434638
0.6071128855191064	0.46049215676666944	0.1742368656525737	0	0.0999914799765165	0.05161345195762811
3.6868105117240733
31	14
-0.011755258227554506	0.03356389130534771	0.0020689377479465336	-0.002574766374975358	0.11250980314121706	-0.10420158833621226
0.6822788058567157	0.4403685450768815	0.17008782107736226	0.0021800800107791033	0.11250980314121706	0
1.0407208968664434
31	15
0.07581211469652638	0.007920574216507173	0.000504555618812652	-0.006429831116242471	0.11588770071990978	-0.040883498233033486
0.69514311646183	0.43687728765681544	0.17480624738560693	0.0012146646734098139	0.11588770071990978	0
1.0865811652998665
31	16
-0.09325336858484266	-0.015878718046912974	-0.0022749491225208755	-0.01842327256489765	0.058334451059025016	-0.05634412553045301
0.6007713687638413	0.431883138999003	0.1760282403527337	0	0.058334451059025016	0
0.8764542781228087
31	17
-0.0543576055400925	0.09841359373931119	-0.034563231540823344	-0.038269116040461876	-0.003831309279348721	-0.010224229157907156
0.7830953948524985	0.5027444026551342	0.17678857587527608	0	0.051565668650957644	0.03545965880820466
2.9941892912817587
31	18
0.002451782935810045	0.005295561786645873	-0.004025307112030266	0.006638570632446251	0.045375480064062355	-0.1103069694143474
0.6639603738719806	0.436062047236474	0.1749753963177466	0.008074492993632137	0.07229971317474315	0
1.0266199422731215
31	19
-0.0003129757270689314	0.005815053486029937	0.0014749026836783346	-0.0033180680737335895	-0.0013487271474642102	-0.05532958243799745
0.6671581191332727	0.4407122200701485	0.17558669565394244	0.004980070391743875	0.03273841899524086	0
0.8979506632892628
31	20
-0.18030481225580453	-0.39592655947886346	-0.37672589843914867	-0.000195528250879056	-0.04731159491951071	-0.055571348841383705
0.5372488112208019	0.16620917112030886	0	0.006713027083074629	0.009300299799635939	0
1.584549196832591
31	21
0.00011767232729646012	-0.004124284381523381	-0.017936369331024656	0.002208401252480352	-1.0831800824548732e-05	0.02740917136909186
0.6637814397216917	0.43940074187679345	0.15774528237050012	0.005491390416075613	0.03637936158702158	0.02740917136909186
0.819428345210386
31	22
0.2912545463755328	0.0005787859364870091	0.005515553022541562	-0.002353936720447955	-0.11494534629880035	-0.0523879466472896
0.2912545463755328	0.4378155125062012	0.17672736725849758	0.002252824175805677	0	0.011090755385544188
4.727669501268038
31	23
-0.15166528694112658	-0.008135815111239241	-0.034218899740360284	-0.01522035526408089	0.09274471321253502	-0.1743061023974625
0.5618679699463875	0.43708471260125636	0.16054987550454453	0	0.09274471321253502	0
1.2041119292663052
31	24
1.116332876538075	0.058346343367244126	-0.1280195386054633	-0.00012446571452133536	0.036196017630774034	0.04234946194198584
1.116332876538075	0.4828231658233525	0.09225715483913077	0.003710519004981273	0.036196017630774034	0.04234946194198584
11.143146389384635
