8	0
1.3129885249077151	-3.7199072890551967	126.21312764908735	-1.1197359918569116	1.8825792254337317	-1.5390587656840458
149.70877148864741	18.48261976357554	491.3946339222207	71.2265813060454	80.6273879003849	245.1402756675011
1207.291074567215
8	1
2.0988653677637377	31.433949810206176	364.5536323223173	-1.3956081776734002	14.25	0.5002983143333133
149.00978343851727	41.43394981020617	562.8426157481514	77.30548407603877	85.68795196395149	242.86622187475484
1291.3036818981798
8	2
-2.4725484236131936	12.812055116280792	-447.0	7.848945332872252	0.7231346347725796	-7.5
147.5274515763868	24.57420409979589	383.7844873907361	76.67898187161533	83.1883719249268	234.7862570000925
1748.4529970247213
8	3
0.02633376876093116	27.336298278618074	-432.3654144750179	-4.648480457227337	-0.6046017234612802	-2.552819141972635
148.7849015663398	37.697657587076904	418.624849925845	68.77466983119886	81.2859298062224	243.25829970161485
1216.9493776571376
8	4
0.2820819696716494	-0.7459889593003285	-447.0	-8.838580198902086	-0.5791728849276897	3.2572932041163782
148.19540651486707	18.797607795931857	367.75597266821376	68.00702653010035	83.36155126550153	244.8396307137155
1276.2403646864877
