46	0
0.030512791311897044	0.0434734057744269	0.010770156822998131	-0.060458410137005855	0.09103146620192983	-0.0005692813536802207
0.7345810531310063	0.5094500833137129	0.24458838174456515	0.025463198270274337	0.09103146620192983	0.0038024685929572556
0.6397915941192418
46	1
-0.10901624163258332	0.09321501397196023	0.006484319766570894	0.00390111082087986	0.07395771240729662	-0.002425972462928915
0.643687878690596	0.5812778082810133	0.20716719585312482	0.04635919289771749	0.07395771240729662	0.0025681650021546288
0.6247717829693209
46	2
0.10787103430767203	0.02496782126536596	0.11456540590233094	-0.02827604657469817	0.044582299775168	-0.0035758322639543208
0.7815004720029923	0.5129640679484214	0.32111210866918904	0.05686169867943206	0.05694579380498001	0.0013089192288104341
0.5645751817836077
46	3
0.010313364760427978	-0.0005597743086034604	0.041554814772419145	-0.004367984650915839	-0.0007199299891172861	0.008162815254162967
0.7128274056071326	0.49414541754218255	0.23495713285427106	0.05470503450601348	0.017453151004653177	0.008162815254162967
0.6908458714507638
46	4
-0.07309191949463956	0.0218172050472711	0.05061548623150948	-0.07685059569630215	0.10234114231055809	-0.0040807947023494264
0.7275047060125908	0.4909563000729665	0.26577945297504724	0.011653656908565277	0.10234114231055809	0.0005999155578643315
0.5992102395672684
46	5
0.009935064481842561	-0.012018687974046994	0.034573078890206034	-0.07042977068768008	0.006408224052498012	0.005427243950802152
0.7236815114989535	0.501894094371481	0.23532673170581878	0.03133475337193398	0.025178916094050492	0.005427243950802152
0.6269464536242628
46	6
-0.17266855616157467	0.047350745789484255	0.05463895405836434	-0.002470719194446813	0.03612017675756328	0.0019498279627388415
0.7156489106006454	0.5289260604427756	0.27121910096313945	0.054862318956515665	0.05022464705581205	0.0036705938337102473
1.0279327009380617
46	7
0.059236754021394236	-0.03064339726898392	-0.006891392608619195	-0.009747797005578164	0.015714471733653194	0.0007564769981084834
0.759017637486804	0.49507487474088874	0.23137267372344678	0.07797225511071895	0.02405532333837361	0.0031749345965791233
0.5807982493269674
46	8
0.01786105172170948	0.004539098883205984	0.047950828149527086	-0.026551208181278853	0.019266871245789987	-0.006359260143699868
0.700419178201076	0.5158970558074593	0.2568447092688574	0.06241209998827137	0.0401045633552293	0
0.5604095165337998
46	9
0.8282091312861246	0.009115501201724113	0.04412431809746506	0.00299309387219051	0.017362801848987145	-0.002729848676154172
0.8282091312861246	0.5217025271521931	0.24335249302840098	0.04879849140009174	0.029374126642342593	0.002041063720309907
0.7185269043851019
46	10
-0.04373285426355127	0.07361904010527537	0.2681869332120348	-0.011868839837262477	0.027253691531951778	0.0024505257406700672
0.6890051836428236	0.5290599557896899	0.4200007261214934	0.057235837879496265	0.03996281070243711	0.005206203142442339
0.7879487793538084
46	11
0.02340479968683385	-0.006484234494689299	-0.0123280912629226	-0.10129633863067616	0.014231936695991081	-0.0002782354398909517
0.7051057141907183	0.5101557320887029	0.23510406242188914	0	0.024629940506253525	0.0032598650933585217
0.6184187968919462
46	12
-0.024925576916778484	0.061361660077777984	0.013200287104653619	-0.02377364837438598	0.004975567308095223	-0.001172041777243431
0.7251916631695471	0.5206954434203351	0.21378858858838273	0.04892359969504398	0.019549689500718906	0.0026997523181506943
0.5809473580229229
46	13
-0.019858667471621343	-0.10718226131321398	0.054968469916215526	0.09922582563481763	0.010384569497797008	0.0030201556256325706
0.7444482610610365	0.44344892398984626	0.2729646241144723	0.1244530058417323	0.023768739608852434	0.004950324405280335
0.6144632673209759
46	14
-0.027454241071785998	0.007388652846514713	0.07129870978555604	0.010792268137847854	0.037834744765418676	0.0009205562493590529
0.7181922831683819	0.5017082454449685	0.2812958025988558	0.06465225155514467	0.044661583313658756	0.0032770114906285953
0.6742271066140717
46	15
-0.013640175608259267	-0.06160055156197655	-0.05717757578071491	-0.17061977152195917	0.0496266046457975	-0.000474523308946995
0.7084797817366201	0.47684921409719583	0.2236287124539702	0	0.06085432168932565	0.003086996154076293
0.5188445217666684
46	16
2.405005048768332	0.04070732027966271	0.0013518468580439522	0.012729806931373164	0.010513938464292334	0.0024537263882453172
2.405005048768332	0.5415871654754507	0.22642134301038921	0.062474600417540514	0.021993268036905513	0.0049108194267927265
0.8764542781228087
46	17
-0.00046936348221897573	-0.01579347302582909	-0.011106085803489419	-0.003516966977124138	-0.0054245184997185015	-0.00024898083198000127
0.7204500367883655	0.5048098110291548	0.23695990972165	0.05424817788708725	0.024185298638482924	0.0032822062579485694
0.5134592184091736
46	18
0.0017206852664200228	0.16181229671590444	0.07985993492986228	-0.023127255246069907	0.0052906984163443044	-2.982953471306399e-05
0.6997008963482161	0.6145609010117328	0.2803165111395631	0.06644983842484636	0.016898241323553956	0.0031206765340883926
0.6051811325294666
46	19
0.011325281019045775	0.10227966685405082	0.1354412123876078	0.005153929585741554	0.04428492827363293	0.003118456837447125
0.7011245790681286	0.5668508348265171	0.341103363344197	0.05808576471431501	0.05652286745350906	0.005493048124001074
0.5248904244497448
46	20
0.006931145313280728	-0.08218426526898259	-0.09849281032237354	-0.0027882793978627313	0.09058496952633482	-0.005153459256256792
0.7049342265690498	0.465077159261018	0.17905508397857373	0.05394529401786986	0.09243614003852807	0.003731727860116809
0.6572611826883863
46	21
-0.020565155189163062	0.055875568884824964	0.05114344221925243	-0.02298043483513526	0.008054844273393598	-0.00038927387647702663
0.7284674156380968	0.526475553534203	0.258629425009349	0.05434675110568571	0.010669551844016814	0.003143556121777583
0.6008638359140733
46	22
0.04802676391996253	0.05249457872072359	0.0989002916590344	-0.07451285994192991	0.026628421954457044	-0.0022942362345596944
0.7458132359031755	0.5296218347230698	0.31386589259000147	0.0056007638855432446	0.037539863073233155	0.0030603810690568584
0.6020754564336361
46	23
0.037959607840265336	0.04782997671257409	0.007257031760364269	0.03370978125512595	0.05494437485931752	0.002735711109289919
0.7407925476282659	0.5405484383420952	0.2070883274151438	0.07964393175008999	0.06353412722108895	0.005099400997697589
0.5870550339377986
46	24
-0.012094067219256294	0.052332008279467795	0.11965635971563747	-0.10634341263313112	0.011469146759118466	-0.0011240437869146536
0.7112515717206638	0.526697834241897	0.32500102381306933	0	0.022951232620399477	0.004330456868802176
0.5672582816395172
