37	0
-0.002357970545230625	0.009524006774214125	0.041898847081342804	0.0014644270898530702	0.004832208323276021	-0.0018897334891348479
0.661896517667107	0.4404551926206838	0.2013521514979997	0.008020346351946255	0.004832208323276021	0
0.6788994078315508
37	1
-0.0012957496659001594	0.12292620966251044	-2.6565844234796533e-05	0.01389097305133856	-0.011091683186692786	-0.012234896292626031
0.6621496176015079	0.5031259497129974	0.1702286115990161	0.016482793877238784	0	0
1.0722842976219251
37	2
4.386936313958777e-05	0.18448466694287746	-0.002522770517694065	-0.0021465375789068864	0.014747392591451755	-0.0006650793031832905
0.6625104697454766	0.5307287152327123	0.17170098006926013	0.0066514074075318085	0.014747392591451755	0
0.6679778275265829
37	3
-0.005003555004114544	-0.17221766998244317	0.17834309677348764	0.0020945277265115273	-0.009237851571374672	0.00139963872535907
0.6633099786042466	0.36346024673333877	0.17834309677348764	0.008563196306699647	0	0.00139963872535907
2.406624158853805
37	4
-0.1371247235875553	1.8238187007653806	-0.002756910422763841	0.006181856730259716	-0.002093047684519538	-0.008422812615135425
0.579931565378035	1.8238187007653806	0.17171769224003564	0.011842024300067734	0.00296019649577459	0
7.748977904883732
37	5
0.00043586053064848754	0.011873528695352863	-0.005768954781234169	-0.00024975280959551785	0.00403914865534828	-0.01008706206046066
0.6629926561509955	0.46838167505171624	0.17042245902665687	0.007412716277446698	0.00403914865534828	0
0.7594778341753412
37	6
0.062746397659668	-2.7030331086770736	0.0017108181657336967	-0.0009543338356717662	0.00619843706451014	-0.001189351915913306
0.6829546029437681	0	0.17300183777053252	0.007190024556174811	0.00619843706451014	0
3.9127290201123746
37	7
-0.04032437113559913	0.001165019533021591	0.058701559645693804	0.00296990566409422	-0.003016132069027054	0.0056274185287014744
0.6385856357715413	0.4359569391007392	0.33581044319798076	0.009907271308527628	0	0.0056274185287014744
1.8475575844315617
37	8
0.0014465828796312796	0.02410212474261512	-0.0079313655953291	0.004736002493603735	-0.03618299034638085	0.007380948788376542
0.660904930619625	0.4417013748291181	0.16839630515206003	0.009356863504291924	0	0.007380948788376542
0.7016230499259271
37	9
-0.11116366674765904	-0.0035949180201717435	-0.0009529414964584053	-0.003528040824434227	-0.014719334787572638	-0.0010035571052562928
0.5898196944378802	0.43376837186026457	0.1730778850837578	0.007219647919425266	0	0.0018565877386893365
0.7185269043851019
37	10
-0.005369426980042863	0.023285940200338206	-0.03760589062916643	0.004356262183610081	-0.03806404664133349	-0.009542171713611972
0.6609854838810036	0.4344294827534188	0.21652585331825613	0.01009645848350607	0	0
0.9017942189372073
37	11
-0.0033739411262146035	0.055118161382187766	-0.009618104729585977	0.004242895781927982	0.007954845918128743	-0.0007401278079434146
0.6613450615402989	0.4504014686656891	0.18428818446526402	0.010122643526836693	0.007954845918128743	0.00031041566338517283
0.9161625791099115
37	12
0.0004294932363453686	0.00012972170523674413	0.0007413407191462735	-0.0008272515397947607	0.005308737530788086	0.000690265540880295
0.6630166164710009	0.43531220888964284	0.1726652253023815	0.007183991095079929	0.005308737530788086	0.000690265540880295
0.6476872129740262
37	13
-0.05179213473587209	0.026700343878054825	-5.311114947559325e-05	0.003065161418790671	-0.05335864347369226	7.411000838317182e-06
0.6441890983818305	0.4515818541973577	0.1729671035144323	0.009511413303930575	0	0.0018028433340665305
0.775971745077916
37	14
0.0026110167745215405	-0.00680399783782382	-0.035918602120347004	0.0012210867977987025	0.0064470909044862384	-0.005344026104418817
0.6622062740878971	0.43065523254630417	0.15613607684866945	0.006722567609976733	0.0064470909044862384	0
0.6742271066140717
37	15
-0.001468348055979033	-0.000717047294911219	-0.008193604722228385	0.0007603769167033992	-0.012487027615514928	0.0003223507017035287
0.6653600112379977	0.4347810108632009	0.166558132408355	0.006561534625388526	0.013275775284287122	0.0003223507017035287
0.7131132671502275
37	16
-2.4548583450135766	0.01041088104092341	-0.003209204622964709	-0.00028589795099709815	0.00674394710427568	0.0014742256079576098
0	0.44039292718503026	0.17056234667291004	0.0073312395812790065	0.00674394710427568	0.0014742256079576098
0.8764542781228087
37	17
-0.1438514191222361	0.07853406715580619	-0.004569122431830782	0.00013308621979893644	0.004828258158799559	0.0019296067988244397
0.5786754809097056	0.48355722495147163	0.1812018109636592	0.006116866543790691	0.004828258158799559	0.0019296067988244397
0.7274957260970438
37	18
-0.00262069817458844	-0.0005699589330490531	-0.004556121522336358	0.0015045276545725952	-0.0033050000129864828	-0.0006504445317135361
0.6609419554388216	0.4351100201670839	0.1698712648699129	0.007539452686905819	0	0.0003936248064190899
0.6500803237342584
37	19
-0.02714034893262475	-0.00038750165491825255	0.0003676184745125054	-0.0007586632035302655	0.001245168879970301	0.0005685260134262415
0.7213426269714093	0.4350497238675221	0.1727572635609062	0.007193948277086252	0.001245168879970301	0.0005685260134262415
0.6634168766018921
37	20
-0.017127650781119066	-0.006375560264017205	0.6775019513409128	-0.0026850418237583575	0.001377088050996003	-0.0002063346991686873
0.6582512534668985	0.4344524620074483	0.6775019513409128	0.006256916083212018	0.001377088050996003	5.2480613484281454e-05
1.5662422701759653
37	21
-0.011253603813013418	-0.00017107826110757978	-0.01148123234778114	0.006133623694134713	0.005563156212871665	-0.010568667895805973
0.657872172748673	0.43499584246108774	0.1767996372106539	0.01171252715217117	0.005563156212871665	0
0.6607113671131543
37	22
0.20107667404022037	0.0004318544574886482	-0.0019307370648866601	0.0034733301933754564	0.003927045447926082	0.0009948642193008974
0.8025629354599522	0.43550122904648353	0.17081456337306955	0.00950946752001575	0.003927045447926082	0.0009948642193008974
0.7527483896883277
37	23
0.01979499403365498	-0.02397927121568224	0.000487904496209505	0.0035082750357149665	0.007699730111850804	-0.0025290176363136187
0.6735886648538081	0.4480854677063365	0.17336376104265622	0.010090687302132532	0.007699730111850804	0
0.7563890478073669
37	24
0.015441341067117387	0.030145881931305296	0.01902461305574285	0.00012257995964214097	0.0067836722747548536	0.008293884768893567
0.6729851859623877	0.45548867022459893	0.17366521353393008	0.007826230754238033	0.0067836722747548536	0.008293884768893567
0.686687148393487
