8	0
4.013038846331579	0.6710441819052078	21.926470950128888	-0.17862362101190515	14.25	2.1543431929834984
15.234115840296457	10.671044181905208	2037.7953261870443	46.352308561068206	94.35459132531741	202.1543431929835
3654.4557820467244
8	1
-0.799607503356703	0.35450376093906766	-447.0	-2.2479730211263034	-0.7181321214380951	0.04780865238529523
13.288325358652447	10.354503760939068	142.92773102594674	56.11300594238534	84.86285193533745	206.06073200061567
3547.521825342288
8	2
5.117315104976967	-0.6959683039039674	61.875344868663774	-12.0	14.25	-0.038316280286729565
16.86997631002901	10	1962.9828883938367	39.95280471073471	75.86051905471251	206.2308748574453
3704.235567424734
8	3
-0.1813312546014062	-2.523742190907192	447.0	-3.422570755568299	1.5257760724383067	-0.33070790565551567
13.761517884480647	10	3000	46.96430024048166	85.49254213992486	205.89963653656227
3375.2006603057052
8	4
1.2263530180919364	-0.7088647986477761	447.0	-0.5132548239368233	-6.095558559846214	-7.5
14.542632916555302	10	2100.380871841396	45.96283766707807	81.41850213467539	200
3491.7959788567514
8	5
-5.337471346426792	-0.4727350192378235	-23.378026635911635	-7.10094674126259	-1.3677874871899887	-1.6347984262862503
12.489511399995383	10.028976593765583	2037.0901084721277	43.747104606429865	88.6243297329578	205.3459606148702
3612.639712933885
8	6
-0.24599630946993672	-0.5421586269518145	-119.31018018429958	-5.789510395438057	10.309430619595846	2.2373233441543423
13.691351574254913	10	1985.9974103511558	44.29242316683073	87.72135540294741	207.30376029523904
3636.220489568163
8	7
-2.280431956805196	-0.3426582058046282	5.647945558265672	-12.0	14.25	-7.5
12.18547858326323	10.143277092262936	2062.661755791063	26.347830042308978	87.3741802898184	200
3704.829687459571
8	8
-5.869478867405992	-0.8298414662481752	-4.439569370193528	-4.343504910622051	0.014050417032882578	-7.5
11.894946938295785	10.678115313162895	2045.6285556030589	43.995281414288776	84.72529936399347	200.50249357406267
3257.6996768868066
8	9
-1.006172063561566	-2.162136214930194	447.0	12.0	5.9683806913949695	-2.1961957566018526
13.867974944224553	10	3000	60.18723528923938	87.97110663647773	204.90257647359704
3531.2683250698974
8	10
-0.19611843763855993	0.06858732511049247	-447.0	-0.8854103037395742	-14.25	0.6638750108014391
13.360379290238646	10.388925563180312	706.0443048274842	46.21433968671131	79.48735210887752	206.52390953112183
3620.387186679561
8	11
-9.99179470411212	0.08625843246149557	176.00636965129794	-7.265929401567675	-2.4446920176554174	5.051114516237844
10	10.086258432461495	2090.599035944332	43.13722098974401	81.8875753035651	208.47610026562114
3582.88399084943
8	12
2.6821490191553115	-0.21508859823124316	-447.0	4.5592353500841964	2.339898781079091	0.45080904560335583
15.554781678434457	10.281058351832248	902.9484885691691	39.71702276131072	79.59113738099173	206.30782222171442
3389.4609849293247
8	13
0.7302304389898173	-0.8011479237718958	-122.32071940166782	12.0	-0.692022819539868	0.5851310589707265
14.340488743664833	10	1971.280284523541	69.76782864879559	84.46172660963121	206.06638042386842
3585.9809097019006
8	14
0.8499533037017077	0.342782715338106	16.09536319495123	12.0	-6.553168882998424	1.4078181311741185
12.751436417735674	10.342782715338107	2049.354281503357	32.482962962209974	80.36885450490496	207.0745193429556
3643.2372475997663
8	15
-1.5806862493158502	0.4509152368294736	12.04902331040214	-6.766855315006762	-5.331611718741162	-0.2272051394867673
12.91558598509781	10.450915236829474	2055.6528000756266	46.24832247541731	92.42222271376005	205.8982962208312
3716.2187969817824
8	16
1.6726401548526595	0.4595035702257263	447.0	-12.0	-11.769563548989579	-0.33270172796818803
12.764330008464873	10.459503570225726	2159.1710552220898	13.894138947479092	78.53710842620052	206.40981087797695
3624.25536707943
8	17
-0.2122403129768919	0.09404387424498319	-447.0	-4.6810050091420665	4.346689088546768	-0.17639379347714912
13.772903630192692	10.094043874244983	1284.3246139073954	47.94425135889302	87.08965133544181	206.52641282506707
3664.8759986919445
8	18
-0.023010102089997778	0.26671059296798294	-27.474601475526427	3.268062663997412	-14.25	1.3758301930589762
13.83398632152551	10.266710592967982	2046.9980192423209	48.26996508986235	64.57354844791402	205.70230820808945
3447.1396987047183
8	19
4.053144337809691	0.26284363617642736	41.08949178226286	0.9888514667411066	-14.25	0.06397467976318429
14.096539557406716	10.262843636176427	2071.8835418246204	46.24864539175222	52.33274302541327	206.1845789277034
3585.4707734611147
