29	0
-0.0015216315569483866	-0.12581586556810306	0.2308818385087914	-0.0008378877959597628	0.005693886984651322	0.0186305029473267
0.6593216493609413	0.33653431068221196	0.2308818385087914	0.007874826552643993	0.06923596041721096	0.048977166587721895
3.6886516148539608
29	1
-0.04830897720507223	-0.06424321661711657	-0.11717597108864203	0.02885048670531471	-0.0632069126587593	-0.13360815689939304
0.6916270330459123	0.39157095438777434	0.18267141802576065	0.02885048670531471	0.05098874533092218	0
4.845650620084448
29	2
-0.0004722257786751967	0.007411293882268357	0.002733666189759307	-0.0016413708372447209	0.0051556883090204154	0.00030698107596264276
0.6602129449479566	0.43260281442096316	0.17072045522565452	0.007318076964309432	0.048531356680126855	0.03769544301791697
0.9555607990944727
29	3
0.018987528140906408	0.33615685753561586	-0.06964278672997981	0.018743961102402937	0.07383912838320787	-0.020870174811505052
0.671904607881946	0.3409579487926536	0.12481515173247762	0.020614465098885985	0.07706540889921196	0.028282816229729068
2.8401471429966043
29	4
0.3289604765606422	-0.0054613974703970475	-0.003707397078968785	-0.0025383515680323424	-0.03692083150097085	0.0013556617069916512
0.8786909755264127	0.6333078452552402	0.16779856819149264	0.007386571626436305	0.06797721508386617	0.038572288535760946
7.748977904883732
29	5
-0.07585271254738546	-0.006162161631404537	-0.019357029294978043	0.005912547578240834	0.0023840007605680363	-0.0068539779189708775
0.606598673107259	0.45483612461944395	0.15567425737780044	0.011124536630905	0.05421357852457204	0.03615374348864159
1.1426834744647543
29	6
0.2349432009818972	-0.9271455571542006	0.0621022958985024	0.000468213879144524	-0.010440714056255247	-0.14099489429360268
0.7764814147044512	0.18793352107524253	0.19172493945761487	0.0042422931273650485	0.0387282483298436	0
3.9127290201123746
29	7
-0.41435750296826646	0.0105456927836747	-0.12354290367011457	0.008232897229666681	-0.04124408139974605	-0.0014247558405844178
0.38722729566843594	0.432778971622579	0.08191384734137282	0.008232897229666681	0.019171778017666043	0.03861745561212718
1.999792612281211
29	8
0.015361492471996746	-0.5548804071647344	0.017013040549396948	0.004200194964791697	0.007991629512597619	0.13710416013065935
0.6646314691301161	0.052484449687318024	0.171277214585441	0.005263416196520456	0.035238231709013614	0.13710416013065935
3.4372644923633455
29	9
0.00397294386859647	-0.07061167400468701	-0.04037616380149528	-0.01267752642177887	0.07675630849840216	-0.03147515952355429
0.661318917755464	0.45184485331965507	0.14111686113403837	0.0013794054854319553	0.09573553027248867	0.04293420239121926
1.7027427256955872
29	10
0.7565578605616707	-0.056380712528164595	0.3049342720449686	0.004531678337753193	0.033456298852076696	-0.011959936790061458
0.7565578605616707	0.3636030788195751	0.3049342720449686	0.00798321096781384	0.0655295087561403	0.029284531114337563
11.196179213715073
29	11
-0.016929644593662953	0.36933097375610946	0.0016309473552308064	-0.002508166619461405	0.11064511856846751	0.0846631162836855
0.62752376555931	0.5559819321108628	0.17088151171745014	0.00837985336076502	0.11064511856846751	0.0846631162836855
5.304666028252168
29	12
0.003202605917133223	-0.028813901072636167	0.012064189665922119	0.029022570017496273	0.019552534948282314	-0.0031389746288621886
0.6625206474147205	0.42730412153987973	0.17610730019690254	0.029022570017496273	0.0542637254467499	0.03559333598586883
1.1536596983293663
29	13
-0.31657856755948177	0.009358843493318286	0.0018896408507894698	0.0005117889141517569	-0.0613843780300714	-0.01592260174177913
0.46827406817491335	0.43228552424492206	0.17233381165600842	0.007668177550419376	0.004775558143895305	0.027771992328877854
3.6868105117240733
29	14
-0.000379359330202518	-0.005213230458276382	-0.03600821216606995	0.010909668307556864	-0.009177084786188925	-0.008916293929042512
0.6605693413477649	0.4472902205541389	0.1432728408432132	0.014080353952576381	0.037874966952311934	0.035821177705973525
1.0407208968664434
29	15
0.30930654500089105	-0.06126765017472171	-0.017034384212183857	0.002126003512308219	0.060029026601392324	0.06314136608659496
0.6649276093430265	0.3871357768189872	0.1605604936820533	0.007181714877420643	0.07468840295847365	0.0807907701207054
5.212818121197011
29	16
-0.08947033610127722	-0.08799044368926004	-0.02027560421421684	-0.001667679658572691	-0.056655092489122996	0.04262596187051517
0.6617295229884095	0.37507826998109073	0.1717898924975822	0.0073988686011537425	0.014491688721077742	0.05565014169253605
1.9732634211333133
29	17
1.6298532288719296	0.0011864866227781748	-0.02405608279186657	-0.013750572076699427	-0.1892768488859946	0.022269745996375483
1.7126643025021782	0.44794723660523444	0.1597347091734701	0	0.05844645740371454	0.04560947760479244
2.9941892912817587
29	18
0.06808885935112008	-0.010752220507840974	-0.030454959771885035	0.014091968717694468	0.12058633493293064	-0.002256590943506937
0.6719346135666824	0.4275518666585389	0.19590348600201798	0.01565672700549073	0.12058633493293064	0.03741184700644522
1.8490547965644126
29	19
0.031247106844604598	-0.029703283653231764	0.016531655665696376	0.001658121359331139	-0.18606520820253858	0.021679735914629197
0.6731955648342732	0.4294555250188465	0.17714039228821968	0.008601906298506929	0	0.05002755269000643
2.03497240350938
29	20
0.038720524906814976	-0.143145590166142	-0.16758072405694702	0.007022370951533639	-0.3090168925717612	0.038867868347994605
0.6496188360592893	0.3550230994989235	0.06898885630962764	0.007022370951533639	0	0.04426018015866939
2.2060025817707882
29	21
0.010270518931933249	-0.017325483904524958	-0.15369648019603574	0.015337581153116835	-0.023367841219576368	0.10197653024871677
0.6643060835914283	0.42101255692685735	0.0777757055714775	0.015337581153116835	0.03633106783749379	0.10197653024871677
1.4092064789676115
29	22
0.880879890819309	-0.041719130319556784	0.012116667885246162	0.010317126006946028	-0.5024269988612434	-0.002807269157421334
1.0455629650217948	0.42166372401203733	0.17230357487497586	0.010317126006946028	0	0.03539497861227414
4.727669501268038
29	23
-0.05998823578107144	-0.0207897643548356	0.0006463374015585168	0.0011486325182426592	0.09175911884945726	-0.044304437140011026
0.6460960730602205	0.4227051497887936	0.1651597215857358	0.009205178490134382	0.09175911884945726	0.01307493333310037
1.2041119292663052
29	24
1.8151227596949453	-0.013951967301309804	-0.09778212679668387	0.005836140684973799	0.10260508337938708	0.12541219273356435
1.8151227596949453	0.440261063086485	0.15834621404810845	0.01167935329924951	0.10260508337938708	0.12541219273356435
11.143146389384635
