0	0
0.0	-133.37279608415264	131.4165943423537	12.808270890435443	-24.70052720731475	0.0
0.0	148.8543873156508	695.8709611419606	62.808270890435445	0.2994727926852505	0.0
5475.828693077564
0	1
0.0	-203.20357204785844	-668.8784246575341	-21.0	-896.8838400000001	0.0
0.0	163.5666572233407	1022.1149033047227	23.075734413016562	2982.820174010985	0.0
10800.032000000001
0	2
0.0	-203.20357204785844	-668.8784246575341	-21.0	-896.8838400000001	0.0
0.0	56.445436679960686	455.7192847524178	50.991058556957036	0	0.0
10800.032000000001
0	3
0.0	-203.20357204785844	-668.8784246575341	-21.0	-896.8838400000001	0.0
0.0	56.445436679960686	56.445436679960686	90.97246109905774	0	0.0
10800.032000000001
0	4
0.0	-203.20357204785844	-668.8784246575341	-21.0	-896.8838400000001	0.0
0.0	71.51060103160717	56.445436679960686	104.95098114787974	0	0.0
10800.032000000001
