20	0
-0.011573397964579197	-0.00011874974806687452	6.373859985865315e-08	2.5649132284954333e-06	-1.3917695122505e-06
0.3927175023640021	0.4999642547825632	30.00000008991077	250	99.99999860823048
50.416
20	1
-0.0009489432605745331	-0.0027021204791483084	0.028473702382885963	0.00023171826368972214	8.256719176440104e-05
0.3995227713103261	0.5006880628544236	29.991746450637482	250	100
50.416
20	2
1.3209086667378367e-06	4.414104218836217e-06	-0.15927040621125754	0.000517078637590635	9.686580205306773e-05
0.40000049379226243	0.5000029892627846	30.187931553757906	249.9985595541754	99.99972010860536
50.416
20	3
0.0006391969521020108	0.0009740621376350641	-0.5257163102941187	-2.4476452651630887e-05	8.691362080845924e-07
0.3998268313256814	0.49869335755517613	29.596110530038377	249.99993206197956	100
50.416
20	4
0.0017596210817378542	-0.0001732581832344388	-8.217033304517782	5.8842321088836756e-05	-0.00028272085140731165
0.40029966282697355	0.4999057844723592	24.543965153420814	250	99.9997172791486
50.416
20	5
0.0013134935500306699	-0.0006955946437280392	0.1836417345398144	-0.0004019981216230511	0.0001982072353106966
0.4008011070714056	0.49986170552860254	30.128921197748415	249.99959800187838	99.99989966333447
50.416
20	6
-0.06283955218784068	-1.8692186483863153e-08	0.8048818282682	-0.0001062035247054438	-4.0898055315790496e-05
0.6895337573445277	0.4999999483167946	30.400937214790403	249.9998937964753	99.99995910194468
50.416
20	7
0.0025500093037265767	-0.00072951391858123	0.006751272895185912	0.000420482403943546	0.0026405346316052403
0.39896778725248405	0.49950476210893624	30.004308163871062	250	100
50.416
20	8
0.10808249406454856	-0.00014724675316249794	0.20710083790466177	-0.00010861650795871789	1.7484606304701585e-06
0.3853267132675409	0.5000457981859106	30.07611644548839	249.99989138349204	100
50.416
20	9
8.405754645710871e-05	-0.0002453926532340759	0.04357292734915144	7.501781810371049e-06	0.0002393027474670546
0.40004826800986193	0.4999439719272516	30.030785339013264	250	100
50.416
20	10
0.0003692515009131307	0.0002168061259258495	0.5172002163200591	0.0008612588310283345	4.728720329505287e-05
0.39975883295086845	0.49997529918312295	30.354588230395283	249.99975473748972	99.99999715730023
50.416
20	11
0.0410337541844462	-0.03733548082321407	0.017560956146199853	-0.0007474827853453949	-0.0010842695674884253
0.2526152669564212	0.49652130425703084	29.999891735280958	249.99925251721464	99.99891573043251
50.416
20	12
-0.006137541774335805	0.025679278910650596	-0.002272153299549207	-0.0001668136179305503	0.00010041621712657172
0.40080299517453116	0.5167811784862663	29.998604427853053	249.99983318638206	100
50.416
20	13
-0.0016398056260221983	1.2917182142687858e-05	0.0006524448458777158	5.6870969551568346e-05	-5.3122290458995835e-05
0.3989615740555522	0.499996528249572	29.999491082738217	250	99.99989275111142
50.416
20	14
-0.014913187754581158	0.0007219355835177784	-0.005169244679234098	0.0001058350885890858	0.0015822103173869428
0.3940516091229712	0.5004490284566371	29.994734128457946	249.9998425025804	100
50.416
