38	0
2.25707274151075e-05	-0.00767844505349321	-0.022080092021095624	0.0004792488980623481	0.0007494892662227549	0.00034619917520950413
0.6619190883945221	0.4327767475671906	0.17927205947690408	0.008499595250008603	0.005581697589498775	0.00034619917520950413
0.6788994078315508
38	1
-0.007802009981366279	-0.07035213677736651	0.014027257321546277	-0.012684335024970819	0.013088736656515528	0.002241433000809089
0.6543476076201417	0.4327738129356309	0.18425586892056237	0.0037984588522679656	0.013088736656515528	0.002241433000809089
1.0722842976219251
38	2
-0.011923528538343126	-0.31046187439885964	0.013912223440705978	0.013409520868507333	-0.028058654583817306	0.00012184252834317882
0.6505869412071335	0.22026684083385262	0.1856132035099661	0.02006092827603914	0	0.00012184252834317882
0.6679778275265829
38	3
-0.007455566344241599	0.25629336678883047	-0.036539765382862445	0.00547794353161756	0.013153159504574574	-0.004178386767882075
0.655854412260005	0.6197536135221693	0.1418033313906252	0.014041139838317207	0.013153159504574574	0
1.4204727190073008
38	4
0.10916130847925311	-1.2557341726030753	0.00758944584598809	-0.0012066677080343233	0.0008295691719086666	0.00154305927109281
0.6890928738572881	0.5680845281623053	0.17930713808602372	0.01063535659203341	0.0037897656676832564	0.00154305927109281
7.748977904883732
38	5
-0.009148694480880877	-0.012798774580600254	0.01162505052316684	0.005832873462952256	0.0038556051648118853	0.001847949769476393
0.6538439616701146	0.455582900471116	0.1820475095498237	0.013245589740398954	0.007894753820160166	0.001847949769476393
0.7594778341753412
38	6
-0.03774341166235226	1.0524240563687148	0.0018061006874225448	0.008178629720813383	-0.0012078298485927266	0.00021788927099531768
0.6452111912814158	1.0524240563687148	0.17480793845795506	0.015368654276988193	0.0049906072159174135	0.00021788927099531768
3.9127290201123746
38	7
0.051523383104715825	-0.00023978139627713264	-0.07501064272617322	1.1020754681316503e-05	0.012339019478787759	-0.014450781577815767
0.6901090188762571	0.43571715770446207	0.2607998004718075	0.009918292063208944	0.012339019478787759	0
1.8475575844315617
38	8
-0.0039479679923234345	-0.017345843348533688	0.008799445694598316	0.0010453627560147037	0.011716286762575683	-0.01659295498866588
0.6569569626273015	0.4243555314805844	0.17719575084665834	0.010402226260306627	0.011716286762575683	0
0.6902713228209694
38	9
0.181745038663726	0.0013143371113441102	0.0039326623166575266	0.01457071845124303	0.007059103204799636	-0.0014801801562553697
0.7715647331016062	0.43508270897160867	0.17701054740041533	0.021790366370668297	0.007059103204799636	0.00037640758243396677
0.7185269043851019
38	10
-0.00375964571045982	-0.002645516278891409	-0.08469743683113759	0.0007115158277814126	0.01690433540236328	0.0017481258579337133
0.6572258381705438	0.4317839664745274	0.13182841648711854	0.010807974311287482	0.01690433540236328	0.0017481258579337133
0.7879487793538084
38	11
-0.0048370422336407376	-0.026336854542077653	-0.018357230947704806	0.00042011102686000774	-0.005132519656216562	-0.00037910365379170675
0.6565080193066581	0.4240646141236114	0.1659309535175592	0.010542754553696701	0.002822326261912181	0
0.6879699947408037
38	12
-0.010412245931337112	-8.057142541589869e-05	0.0042927869958965794	0.013653105755577322	-0.0002755968304718419	-0.001982618359310443
0.6526043705396637	0.43523163746422694	0.17695801229827807	0.020837096850657252	0.005033140700316244	0
0.6476872129740262
38	13
0.043107705180269004	-0.005719676314957711	0.006546086561902639	0.002425436282200631	0.015015861913008459	-9.846777048832979e-05
0.6872968035620994	0.44586217788239996	0.17951319007633496	0.011936849586131205	0.015015861913008459	0.0017043755635782008
0.775971745077916
38	14
-0.008833424941573133	0.015080075987474812	0.008246602627922341	0.0004577856394793427	-0.003703198381426117	0.0009790255823295274
0.653372849146324	0.44573530853377896	0.1643826794765918	0.007180353249456075	0.0027438925230601216	0.0009790255823295274
0.6742271066140717
38	15
-0.009523012839132991	0.00015086693100884317	0.01733870476425329	0.007008350187354352	-0.007708243411905488	-0.0006179889766107438
0.6558369983988647	0.4349318777942098	0.18389683717260827	0.013569884812742877	0.005567531872381634	0
0.6791730210633964
38	16
1.4454496531175456	-0.01763554273409445	0.013660444252261986	0.013166301006733269	-0.0013345513757793929	-0.0027886761375523375
1.4454496531175456	0.4227573844509358	0.18422279092517202	0.020497540588012276	0.005409395728496288	0
0.8764542781228087
38	17
0.2786496430207498	-0.07453727313647729	-0.005459999026439582	0.00900680643549799	0.0005872638730494321	-0.004872671002021125
0.8573251239304553	0.40901995181499434	0.1757418119372196	0.015123672979288679	0.005415522031848991	0
0.7274957260970438
38	18
-0.0025198985764070497	8.64449277974818e-05	0.018718239281774976	0.009963742594494123	0.006572496410499545	-0.0010563922419566738
0.6584220568624146	0.43519646509488136	0.1885895041516879	0.017503195281399944	0.006572496410499545	0
0.6500803237342584
38	19
-0.040932356761748764	6.877570632717724e-05	0.010109552630137906	0.007964818996254092	0.009893152910032791	-0.0015275704815468916
0.6804102702096605	0.4351184995738493	0.1828668161910441	0.015158767273340343	0.011138321790003092	0
0.6634168766018921
38	20
0.002466056141220991	0.0027550545096202816	-0.4707065385511214	0.014854369229205723	0.009195019624022001	-0.00010962974359410874
0.6607173096081195	0.4372075165170686	0.20679541278979147	0.02111128531241774	0.010572107675018004	0
1.5662422701759653
38	21
0.002061660218544058	3.134153743490861e-05	0.002103361766113505	-0.0011236798607654793	-0.0010191702181980892	0.0019361799585116543
0.6599338329672171	0.43502718399852264	0.1789029989767674	0.010588847291405691	0.0045439859946735765	0.0019361799585116543
0.6424004831306105
38	22
-0.17047914658263855	-0.0013692598612703862	0.0135370382817844	0.006068314306419787	0.0010101133299124172	-0.0025110710372080814
0.6320837888773136	0.43413196918521313	0.18435160165485395	0.015577781826435537	0.004937158777838499	0
0.7527483896883277
38	23
-0.01088656880532082	-0.00829511099293532	0.007990603715549693	0.001528710284657175	-0.0067055464002311015	0.00046331603097265496
0.6627020960484873	0.43979035671340116	0.1813543647582059	0.011619397586789707	0.0009941837116197024	0.00046331603097265496
0.6567677696381609
38	24
-0.031683175545474854	-0.006002572805677573	0.004211331469651821	0.010383553739377304	-0.0013521533171267025	-0.011294503531259303
0.6413020104169128	0.44948609741892137	0.1778765450035819	0.018209784493615336	0.005431518957628151	0
0.686687148393487
