27	0
-0.06348100095968687	3.959133018130911e-07	1.0962759337941795e-08	-2.0446121764858637e-08	-6.901863917920246e-08
0.38261019825825904	0.5000001154626371	30.000000000298233	249.99999997955388	99.99999993098136
50.416
27	1
-4.419759876264194e-05	0.0003727432581280613	-1.539998985867401e-05	-1.3100563866699653e-06	-3.8263464322263005e-07
0.3999687191245325	0.5002196597879652	29.999858489069435	249.99999868994362	99.99999947513437
50.416
27	2
9.707520257860909e-07	-1.4670273893433528e-05	-1.2778949775516977	0.00011488459223262625	-1.2004448451388138e-05
0.40000068080457674	0.4999984074871786	29.136918037247433	250	99.99998799555155
50.416
27	3
-1.3874986281083711e-05	0.0018046874489333039	0.0023041876118417457	1.35504622907137e-05	-5.453244300996646e-09
0.3999918648157497	0.5005595810950498	30.000730003322865	250	99.99999999454676
50.416
27	4
-0.00047127323363925435	7.646587251328885e-06	5.0731655638219415	-6.52711642020462e-07	2.0156897062880533e-05
0.39969330167032024	0.5000044690916118	32.239399032710395	249.99999934728837	100
50.416
27	5
0.001260146582905367	4.596831114354787e-05	-0.02472937576692389	4.285585580287887e-05	5.593900876947681e-07
0.3995762817694541	0.5000216242626024	29.988962543196426	250	99.99999780405302
50.416
27	6
-0.03067768138239131	1.3386189719308157e-07	-0.032855574997887355	8.568020877341967e-07	2.4685162762503994e-06
0.3829859867722155	0.50000008150454	29.970372734720222	249.99999942230295	100
50.416
27	7
-0.001197509674985252	1.752511974689019e-05	-0.00156438024400685	3.925992704342285e-06	-1.1115146703239925e-05
0.40176385175072066	0.5000061927999045	29.99905906270813	250	99.9999888848533
50.416
27	8
0.0018189258957910833	-1.8690678667239684e-05	0.0022013439239699016	1.2178681873973158e-06	-1.4088430610248619e-08
0.400827336464527	0.49999794295522026	30.000004969372156	249.99999612949867	99.99999998591157
50.416
27	9
1.2506206177098452e-05	-3.940556818176067e-06	0.0016810923377607832	1.6096006944910413e-08	1.2962388955521453e-06
0.40000805130368583	0.499998223528376	29.999287358492325	249.99999998647976	100
50.416
27	10
6.808627656362351e-07	-7.221173275122798e-07	4.652743110695937	2.75709022642555e-05	-1.5992549051477927e-07
0.39999392168266784	0.4999996304101926	33.061252994787026	250	99.99999984007451
50.416
27	11
0.01174550743344392	0.020649755366247816	-3.2538886106212934e-05	4.647199327436507e-06	-1.2984939101335942e-05
0.4112939346239626	0.5088726419478148	29.9999709649776	249.99998049139708	99.9999870150609
50.416
27	12
0.00010076377531585913	-0.0025291971488040008	-7.247865594873495e-05	1.3890944385949305e-05	8.021541348018151e-07
0.40006382220904235	0.49831986571728043	30.000164618823675	249.99999491534197	100
50.416
27	13
-0.0004068856507051373	3.9686983296808485e-06	-0.0007085636202124657	-7.250645978657646e-07	-5.087291989190058e-06
0.39980002275968113	0.5000027488724635	29.9996685819146	249.9999992749354	99.999994912708
50.416
27	14
0.00018489908486209254	-0.013288403740876269	-0.00045022528595670076	1.6988637366612966e-05	-6.860671732205836e-06
0.40008131062171054	0.4943322045000502	30.000093683672226	250	99.99999313932827
50.416
