7	0
0.0	-9.714852760505357	-28.52207072199412	-14.771307871316708	0.10842880698590567	0.0
0.0	56.445436679960686	56.445436679960686	108.49280855615103	0.10842880698590567	0.0
4919.0434831311
7	1
0.0	-37.015124391983925	-23.784756575258946	-5.491751526152295	-66.4751820658017	0.0
0.0	56.445436679960686	56.445436679960686	104.69925843227307	0	0.0
5187.162059380579
7	2
0.0	1.8451882174645429	-45.96354102980201	5.425638306023433	21.96413406724339	0.0
0.0	58.29062489742523	56.445436679960686	91.50177438354905	21.96413406724339	0.0
4788.491519706137
7	3
0.0	-5.880082162162243	2.6465384004147556	0.019474379566058547	-3.1963356993526775	0.0
0.0	56.445436679960686	59.09197508037544	93.0923938733862	4.3545486382328376	0.0
4728.057528691167
7	4
0.0	-4.4529968592486115	7.863604253437396	2.183853740273658	12.30618474376083	0.0
0.0	57.564087574138114	64.30904093339808	92.73370400807786	12.30618474376083	0.0
4681.552994260351
