15	0
0.0	-1.349785349317444	15.074641674705406	0.9194173268953634	1.5512737076155396	0.0
0.0	64.4941585823378	159.7329880549917	8.726298221422201	137.12210778330368	0.0
2279.0031607219353
15	1
0.0	-3.589630137509114	-84.72207622046227	-0.4542845338045542	-31.819950604411627	0.0
0.0	64.0290814257577	93.7314477507455	9.031546987188847	122.8644380768609	0.0
5129.540902634608
15	2
0.0	-10.491796696593898	-1.8690431992403096	-1.2349357624287522	-17.1820164657657	0.0
0.0	59.284792760180565	150.35039570070356	8.498540324914732	125.08931572392551	0.0
1956.94903058931
15	3
0.0	3.4686286785777685	-8.211593895332154	-0.21540069365703668	-0.4232544264613123	0.0
0.0	67.46162117618009	145.59406955583577	8.9751136499895	135.82831111191135	0.0
2487.0431829449913
15	4
0.0	23.149560306849978	-0.5217442104882488	-0.027790528658770887	-1.0592097572023595	0.0
0.0	79.59499698681066	151.1857598325324	9.086903676434435	137.5819921226885	0.0
888.3273882493554
15	5
0.0	-0.19630727934127074	-0.07876285190719579	0.6621472271085147	-14.452161564526483	0.0
0.0	65.21938094348432	151.3014017687119	9.347549971084964	124.5585393940299	0.0
1639.2239638252213
15	6
0.0	0.9347324716888995	0.28837108301418735	-2.5484426030319365	-38.05309030780399	0.0
0.0	65.59621391919251	151.4211500713169	7.688389626541305	112.98811607311069	0.0
2184.163032939971
15	7
0.0	-17.969521787084282	-82.46866200323109	2.641914593085464	0.9418401133209889	0.0
0.0	56.445436679960686	161.7426385660608	10.611575488422826	136.0964344499737	0.0
2788.7524823793856
15	8
0.0	-6.132670359867275	-2.2523276447930627	-0.658843055205093	56.87317355417287	0.0
0.0	61.39382498269008	150.04486290010945	8.781881132134139	150.90385032872138	0.0
1382.4124572221758
15	9
0.0	11.852465971259122	-34.344686386594205	-0.24994908068044172	-26.843158426711383	0.0
0.0	68.2979026512198	124.43045113105957	8.90881480181623	129.67951382679632	0.0
3406.7240436183765
