14	0
0.0	0.46124174962798525	-9.587337985494903	-7.058647798020242	-0.02198384320117028	-0.0671374123583345
0.0	97.67143091961297	190.56165994739945	9.829415777722492	2.7445569427796466	244.58838577772843
1161.6782695952063
14	1
0.0	-0.20426866745311384	9.373507228805012	-0.7142327677788305	1.1431249041005425	-0.06295264320780927
0.0	98.86989317857872	201.09643797141504	12.734239369592895	3.442893068953416	244.5778436055673
994.2914794646102
14	2
0.0	1.9184925038290173	1.1776855738282492	5.65105808519374	0.20934189011472146	-0.23718833957182275
0.0	99.27091826958203	198.2009782562596	15.131638244718932	2.8604929344356624	244.52358655905044
1050.1176079883382
14	3
0.0	-0.41739292657954963	-0.4364433257109442	-0.20188982237271721	0.007167170925997815	-0.00011874715368579217
0.0	97.67025716581534	197.22190127516674	11.656801072150891	2.750662320663537	244.61352205063392
1004.7002365761346
14	4
0.0	-6.041025298343628	-0.1164663611738118	0.0009113519637041351	-0.5456750632082673	0.7880969015417092
0.0	94.07570833333334	197.756959273753	11.742233988325635	2.991400844571392	244.90774921100714
884.4515524568144
14	5
0.0	0.1285191012496416	0.012922849013178835	-4.792537856719251	-2.6236732637423206	0.010562288593099834
0.0	98.00516279638768	197.40222440604327	10.948720853143215	3.4019185620976975	244.6245402492785
1437.429347423326
14	6
0.0	-0.29865926797108133	0.04424325340718113	5.998446111229972	1.361796636036666	0.4267598223839295
0.0	97.82632310090386	197.42977983008308	14.829173046642955	3.5670796643791913	244.6602305358696
1200.5810011674366
14	7
0.0	1.9058333080139649	-20.34576134525736	-2.3389933453031677	0.019503317583166976	0.14060245050368136
0.0	99.18919495109881	184.94231057048833	10.114624018689652	2.741520186206951	244.6177665941557
910.1717104564597
14	8
0.0	-0.7597770406254707	-0.1236735185968973	0.3138653125030625	-1.0717998223846186	0.04872160817921632
0.0	98.57751402119214	197.31660006076103	11.97050584352538	2.0826026327873945	244.61890787106003
1398.246199546901
14	9
0.0	-20.447624591895462	111.09987888713906	0.13013743221152804	0.16173204379222317	-0.06961119998131632
0.0	94.07570833333334	205.17558722047238	11.833685398285109	2.8639155957468043	244.6854183995099
912.4974522892558
