23	0
3.804602111771399	-0.8292605609944341	0.5933078253743829	-16.016863851770392
406.28604165533426	11.303924827704119	218.61859639353875	93.03934877877953
45886.144
23	1
-149.1797113376485	0.009640601620451307	1.5915841222848601	0.009296358412726156
315.68696483713234	11.109895307074105	219.33137984353397	90.14448296862815
60968.09
23	2
-0.29223220628377866	-0.01863494880333949	-1.9867676490811608	-0.15711594683220936
403.56668543519396	11.104764847791653	221.11707196388036	90.20656776172923
39514.92133333333
23	3
-0.8147810529535235	1.1217004874923853	0.002231045047293199	-0.10544947691853146
403.37977004083075	11.031107799231844	221.77961075871175	90.12104181366179
40065.04400000002
23	4
-52.2004172668881	-1.8893107509173703e-05	0.3289578917498909	-0.4346699172828358
343.35476601474534	11.102694476991376	221.98832080540066	89.94043442219505
39601.13133333334
23	5
-15.008580386297465	-2.1568966889090597	-150.0	-0.030678195544922012
394.73122383157664	10.415320192586762	75.23053309108298	90.11693982627864
45921.58200000001
23	6
0.0035406550683235636	-0.061069142015608285	-0.0753141231024057	0.022034717658909988
403.613520029317	11.081383589481725	221.808637072045	90.15330019838702
24042.118000000006
23	7
0.0024007797405668748	0.4118047859411313	150.0	-0.0036893856952138304
403.6152538328524	11.34660044456852	159.48197126235343	90.13643682319703
81471.69400000003
23	8
-81.39840109144669	-6.257613104383642	0.17519918655101568	37.5
360.7091387654042	11.20823502107129	221.551886039151	130.6760881219108
40965.32733333332
23	9
-37.71352002124271	-0.04371760144911602	2.149004217027187	-0.062606009969408
379.7691056513525	11.07999184311129	223.50208647210178	90.21633280860226
38607.98066666665
23	10
-3.702116282910418	-0.0007471202390226851	-0.16463378792960057	0.02299700498085071
402.0229060719276	11.102292482821921	221.6813308207471	90.14462964717079
25605.587333333326
23	11
47.28385075414727	-1.9928035985936785	1.0192371637401711	-0.01665419938375371
410.28803583592753	9.960176686573416	222.1781075843933	90.1303384216518
43657.466000000015
23	12
-0.003015579283990081	-1.1972243334565549	140.12733952568067	1.471701942794486
403.614545583583	10.248462664849052	318.47870602474677	90.99661109659945
42269.59200000002
23	13
-13.656629862007783	-0.005085091888715593	8.235680012128828	0.0019723095965799194
396.35797906038266	11.099568260070457	225.79330075086173	90.13876429314863
49628.16133333334
23	14
0.9113866155716345	-3.446287588084663	-0.8348984055594408	-0.002039826317521656
404.0056077781838	10.058384809548093	222.00739926299926	90.14161691500176
67233.9753333333
