15	0
-1.6816147623774367	1.8105224286696924	-64.11980086594869	0.19116782502144336	0.3747816942520772	-0.32613870671084766
148.31838523762255	17.616647521475095	538.5445936574324	70.48479542790842	80.30226300052807	244.33817693628825
1210.5020082804144
15	1
-0.07856327597660716	-3.0346477785390076	61.86025461697481	-1.8688692397860023	-0.41252593807205135	0.5840147800345212
149.34887378163734	14.01499773385088	476.41099743474655	69.05080145494914	80.01357718801499	244.77694234971736
1181.740982436221
15	2
-2.9366017981458414	-2.3416092680310747	-15.207648588792884	-6.951970957619601	-0.5566888693279926	1.375280505031523
147.06339820185417	15.618080619674924	480.6814785638125	66.67390557811174	80.03349805623294	245.52202149453606
1240.3358584043074
15	3
-1.4595679911847848	3.227818593125161	2.2567422137576725	-1.5071115205766454	0.44393626766231054	-0.7235086730271414
148.5404320088152	13.22781859312516	424.7128499409878	69.37954682901027	80.53750309930797	243.92804628227373
1232.6076745722692
15	4
-1.1078062611242672	1.829738531285152	447.0	0.41761647671780266	0.455095041361667	-2.604877743882115
148.64053905752195	17.500652675634203	1392.0380057393247	70.30904114978061	80.09771108578238	243.08322185404094
1304.9604223000256
