10	0
5.635421036046233	0.19186284764280884	-16.756409232257866	-0.11824839250919192	14.25	-0.7238860082686013
17.58127743887268	10.19186284764281	2039.501492029545	46.50270979789679	98.97671681618854	205.35564804387627
3654.4557820467244
10	1
-0.027397389400220323	0.21391763056561008	-447.0	-12.0	-0.11354874109512574	-0.025743505342369178
13.774659885975348	10.21391763056561	1626.5695852466854	37.73156965591384	84.68363808110884	206.06077378419184
3547.521825342288
10	2
3.7170996596652	-0.3816651886838091	-157.57834310278554	0.021004383783884473	-14.25	0.016245045656924938
16.475428299194604	10	2034.284349818611	44.7512528812914	71.1458359021223	206.13871033945318
3704.235567424734
10	3
-0.5541588514144379	-1.0815531487911558	309.7866499830485	0.3165601126322674	2.2355776201730153	-0.6398154403355492
13.492533885592364	10	1657.8759662615507	46.682039243474485	86.21571514555389	205.72291616907043
3375.2006603057052
10	4
0.5106327084386857	-0.21733036520472368	168.59872840821464	-0.4763749568759249	-8.862859388186951	-7.5
13.02839883299541	10	2117.2983035583447	46.1630262028013	78.3341579430266	200
3491.7959788567514
10	5
-10.498030651563457	-0.103335391511249	-5.716077736770768	-1.5805654033447267	0.24895589146228886	-2.45196297719648
10	10	2057.026321669324	45.2890334629769	87.39352623444657	204.4388134804539
3612.639712933885
10	6
-0.8375477158726131	-0.24133018519022587	-24.131512288913953	0.11812112960356241	-0.4220574582311427	5.094815766986629
13.316171105142109	10	2057.193691168894	46.1648942051182	85.00298578823899	209.30523957924314
3636.220489568163
10	7
-1.636380435587802	0.037573628023966035	51.78325804008671	-12.0	8.081459602884113	-7.5
13.436254245136029	10.037573628023965	2078.2897040412513	55.53804930255014	87.94435175130523	200
3704.829687459571
10	8
-10.977216148287718	-1.5223295617951749	-6.819679427530399	0.3505883714649146	0.012066806025534673	-2.611054389605359
10	10	2045.6748466133358	46.26922549181681	84.73802972746836	213.86591801386524
3257.6996768868066
10	9
-0.3151802435868838	-0.3592063498149398	447.0	12.0	-0.6179666887565716	0.060862232934692104
13.732622793751121	10.036897004760272	2433.8032474426495	32.59336452705885	84.79845182400528	205.58483798954012
3531.2683250698974
10	10
-0.24298726371674972	-0.19191450597628576	447.0	-0.6222303719436499	-13.667845453765361	0.5060171312331293
14.143348727243227	10.156925842176204	2449.8011079085327	46.189868119553125	83.03476660191654	206.44898624171788
3620.387186679561
10	11
-13.331335195379296	0.02908224360478868	245.03395869602417	-12.0	-2.2362409396107847	2.8447739268084824
10	10.029082243604789	2208.535399029154	37.284764583782135	88.48643557184778	206.98255478683993
3582.88399084943
10	12
0.3408024255555553	0.14120665737782698	-447.0	-2.6458947806970707	13.10960137657493	0.06258525784285462
14.113247986762746	10.141206657377827	1410.167366227704	44.530089272197195	93.12465683236194	206.07460717991532
3389.4609849293247
10	13
0.5090127985220853	-0.05405492663770819	-9.245989282414904	-12.0	-0.08412874287740756	0.33067679359416324
14.048456136830575	10.092715372997304	2024.0973621007067	25.01315967383416	84.72602427322153	206.30083066059825
3585.9809097019006
10	14
1.9426971781283793	0.20198838214171283	1.4348167276082835	-12.0	0.10429266320987068	0.5809490804375936
15.002496075109958	10.201988382141712	2047.8121363282446	13.706373974109667	83.19510167914594	206.4069869193297
3643.2372475997663
10	15
-6.489519723359889	0.2205937827927518	28.43702804834743	-0.7062483862694618	2.048271663356775	-0.09491711882696847
10	10.220593782792752	2067.8319316750567	47.25871025075959	84.61414923454056	206.04315976267188
3716.2187969817824
10	16
-0.2924809300242301	0.2804300016733546	336.402567013617	-12.0	-14.25	-0.1485656110479166
13.582746423044988	10.280430001673354	2254.1608945954013	10	70.21470890053888	206.0674925353977
3551.0512513815593
10	17
0.0032174027733903442	0.04939174716815701	-83.23112329359218	1.0712175731140234	-3.103214774238171	-0.11079929608911604
13.837914339507783	10.049391747168157	2018.2181567014768	47.203116545827825	83.18911273449743	206.3133167846218
3664.8759986919445
10	18
-0.019827196984852573	0.06734551178954498	-17.759919836128407	9.98255604343463	9.563798488993847	-0.1826240784370998
13.837448992886456	10.067345511789545	2036.9001389326284	52.19260949265994	83.39040181050052	206.12653930359352
3447.1396987047183
10	19
0.4226558793690106	0.14540698876999578	73.67027962575094	0.5748154454226596	-14.25	-0.11516128635006752
13.685121619424198	10.145406988769995	2092.578191898424	46.79608795015196	50.73886536310973	205.99904925690757
3578.1031873681845
