21	0
0.4183410642344711	-0.17323838065529973	45.2202363444389	0.9924765418434881	0.1795175933171631	0.10329717727308563
149.63090697645438	16.012770719236265	471.4703901618101	70.29944431128352	80.19689807143428	244.42060880456862
1207.291074567215
21	1
0.012462293097691063	-2.001367734636256	9.786248261035169	0.164044608257061	-0.07735802766316369	0.5229012087617818
149.3678062704954	14.496860418864197	451.8261855171637	69.69584960045353	80.23945036107489	244.66398108741976
1180.5415774965318
21	2
-1.710546903852121	-0.7686194030562926	-27.60117871385104	9.146061057216032	-0.4399081578998616	0.4882592806614777
148.26445127427274	15.613676335416566	426.67436775922954	69.00123164396398	80.00969600718156	244.45762723785256
1189.925205263952
21	3
-0.04187213452610522	0.5317143694622416	-16.43106689053848	-0.12447030433224744	-0.061568007552970136	-0.09104556281695227
149.3410924526602	16.056087226076226	434.139549449384	70.34277517377511	80.18289433705698	244.3921006968378
1216.9493776571376
21	4
0.16371691881754177	13.497080891168338	-139.42048161671568	1.1627877196980366e-05	0.05244722753799277	-0.42201242543980255
149.4641632660546	25.658387447804756	401.9483502596947	70.34909347927501	80.2625989623186	244.11791205098905
1276.2403646864877
