14	0
-15.976334203310309	-0.048303532671789294	2.16431603170787	0.5134739012301675	-14.25	-0.8674444395084553
10	10	2058.561710553748	46.84781109808092	55.08233228225772	206.0671543052802
3654.4557820467244
14	1
-0.26289097839703185	0.031018752048583547	447.0	4.845739607123134	-14.25	-0.09690216668982637
13.687842740415228	10.031018752048583	1065.7248481880565	48.71722174229147	55.288819884935066	205.99468284757276
3547.521825342288
14	2
0.8703194887417373	-0.059434125065587776	-3.0526244424465983	1.58052364670246	-13.011520413602621	-0.013492655420954243
14.454674476244325	10	2070.60788643661	47.72746508092331	67.96961406461224	206.0581079261587
3704.235567424734
14	3
-0.2532011839700679	-0.11710530616997088	-52.04137646346186	5.375118345239358	-14.25	-0.8910242843560514
13.773445306286403	10	2028.610726476225	50.475347257483556	64.25349195331009	206.35535355697215
3375.2006603057052
14	4
-0.06743252415250615	-0.052409322367490664	134.58622472215325	-1.9542193946638289	-14.25	-7.5
13.818849578548942	10	2174.270898706848	45.51947437033412	41.6531372961927	205.5713271836343
3491.7959788567514
14	5
-0.5747402789946445	-0.004329495039846465	101.61103109054348	-6.547134681596073	-14.25	-0.8894723546799581
13.771548251850353	10	2141.0433805486778	43.0421509089989	60.91224161441092	205.4970586519017
3469.407446587505
14	6
1.2312339476758822	-0.05582530685386018	95.7575569246048	-1.0092624840423468	-8.506290886428367	-3.065472740570299
14.394719280303217	10	2134.9749148416226	46.342427219521255	74.63260095525447	205.81566616988275
3636.220489568163
14	7
-0.33633188889470267	-0.04878158924137902	3.9094688309801797	11.480668015706566	-14.25	-3.4473385869119855
13.744875554184102	10	2056.7538809481957	52.77006595175153	58.572312945667115	203.62594616992556
3704.829687459571
14	8
0.1281963471830897	0.0783748435850684	97.294613444644	0.09192166874284731	-7.541062545681809	-3.647124069220204
13.540332123570831	10.078374843585069	2146.1040963330547	46.616234109669826	77.18882594690763	203.78896096142205
3257.6996768868066
14	9
0.006128289381267579	-0.05033925488930527	447.0	-5.846933099565554	-14.25	-2.4959738898375354
13.837355670630078	10	2513.3778089713733	44.67351728613783	56.18843059142871	204.3879858099611
3531.2683250698974
14	10
0.8873286362636763	0.010322718023400632	-447.0	-1.700260466951315	-14.25	0.6999156502838935
14.496509488161424	10.010322718023401	1313.3020364826477	45.850560506767245	55.740879278572606	206.42102672355935
3461.995934613658
14	11
-7.1846101305056775	-0.007666159861458261	-356.5644746765605	-12.0	-6.849911328201539	0.46051462668041654
10	10	1865.8861320805622	67.79738664203178	77.17870212778345	205.52808178212032
3448.225229584805
14	12
-0.4973482226462983	0.0359615419535438	447.0	2.2577223204348815	-7.919122727228137	-0.0017516836333058552
13.636291163777976	10.035961541953544	2394.983435321182	48.056319053530615	71.81073910869466	206.06323831150212
3389.4609849293247
14	13
-0.05124236030962598	0.014623773669021416	66.68397875355319	2.1203509132053617	-8.215290630464548	1.5342863464576668
13.809852292466992	10.01462377366902	2120.9309600930296	46.47906148960083	76.51919567760832	207.03433762081664
3585.9809097019006
14	14
-0.8284205760642719	-0.06459345307653307	48.01554649402115	-12.0	-14.25	0.7646351572493784
13.755031821492214	10	2097.194009809563	39.933972741113514	63.0141905555472	206.60064586259753
3643.2372475997663
14	15
-4.907662355094591	0.04384334525245443	304.17290391157934	0.12638183854654558	-14.25	-0.2713854295261244
11.003501431241645	10.043843345252455	2241.1502345285553	46.750046718034845	55.66005864542795	206.0029670329014
3614.5676254492496
14	16
-0.001970437646627369	0.0769463554571731	66.60806447044952	-12.0	-14.25	-0.03105557948223521
13.842934992197174	10.076946355457173	2117.4484447184423	36.91887744723595	27.96007408305357	206.05084806149856
3551.0512513815593
14	17
-0.0010119195387677474	-0.01867985463068269	53.70401636372059	0.06496672878808382	-11.876359748889724	0.04371784268372622
13.846270136303685	10	2106.9796902114126	46.81178399180505	72.75689769521432	206.0672223944645
3664.8759986919445
14	18
-0.0007478459899397343	0.003118837885782786	-11.808277301770982	-0.039344406642088596	2.6106	0.012105187231736224
13.846107738339441	10.003118837885783	2070.7174498334357	46.67425292266964	77.59187158071269	206.07434798097304
3187.208898221246
14	19
0.171690505360565	0.031064214746381488	176.0869484070945	0.7444358479432521	-6.165878371649519	-0.32742719867665976
13.970539288331278	10.031064214746381	2042.675860213958	47.005017514490156	77.89651023134223	205.8577069789057
3578.1031873681845
