7	0
0.0	5.081233170951656	-6.179482120872505	13.5	-0.7996552095076249	-0.003294667541161053
0.0	99.15694150428499	225.1147676836878	19.653410063141717	2.6031140808260274	244.5959357628295
1506.1621281664372
7	1
0.0	-32.60671778968363	1.0734319350591066	-4.669738232366935	-13.06077760821283	0.4913600401617263
0.0	94.07570833333334	197.97582650690748	8.342345883059938	0	244.90694508982824
1289.254652535717
7	2
0.0	-3.402550159632143	0.05196334390482521	-1.7618322464093399	2.4733900535645583	0.7917638062606857
0.0	96.85828497749323	197.75836874188832	10.86337009339403	3.7110737287975644	244.8170000736327
1050.1176079883382
7	3
0.0	-0.10651497194097724	-0.25059406176743115	1.9066774912580695	-0.8050265859261454	-0.46357633913222207
0.0	97.66732308772725	197.67652795011222	12.9888676438982	2.5068522477415245	244.27037686002222
1004.7002365761346
7	4
0.0	5.41762030950998	11.054246526202478	-0.09443652850509197	0.07152016048118659	-0.5946429120013015
0.0	100.66864157557367	205.10375397105295	11.712161052502786	2.9293877844482896	244.33469930729026
884.4515524568144
7	5
0.0	-4.203443576197585	0.6005147066202066	3.8665712140216666	2.107526460585211	-1.1614146156281446
0.0	97.12979850108862	197.62983966534733	14.17160410261844	3.7903068632392825	243.78691780042655
1437.429347423326
7	6
0.0	-16.472379507687084	0.10937984091581462	-11.556888169664276	-0.7712909435675309	1.3193470459139958
0.0	94.07570833333334	197.25849484584546	5	2.4944368001979496	245.29596321683997
1200.5810011674366
7	7
0.0	-3.804472533150421	4.1496568774019496	13.5	-0.17231080264153542	0.14641562392562155
0.0	97.53543337659104	199.4219430920407	22.108793685456444	2.710874748375815	244.72207317264193
1105.9062392637202
7	8
0.0	15.111772780363324	0.06156210859319833	-2.5494353699483816	-1.2182304126738321	0.16667143075499885
0.0	109.18748111369666	197.29492422553975	10.274227973755501	2.063276627731294	244.71503510765746
2315.7726180903173
7	9
0.0	-9.839843309435796	-502.4531425552244	8.45922208241655	0.38587819194579087	-3.634578376502107
0.0	94.07570833333334	94.07570833333334	17.473189388848418	3.024355487652566	246.3654216234979
1282.0882111935987
