12	0
0.0	-1.2701699287239105	-0.23460062685891736	13.5	-3.3923199062645453	0.0
10.0	94.07572779993448	94.07572779993448	76.3153548057255	0	0.0
7.5887065704715075
12	1
0.0	-0.06679504377490886	0.6563306581188624	-11.821913978389276	-0.7066786977550216	0.0
10.0	94.83095955758188	94.73205845805334	62.47573142853574	0	0.0
7.521116953991885
12	2
0.0	0.03541602827903364	-5.040888284294156	13.5	-1.1193006837275017	0.0
10.0	94.11114382821351	94.07572779993448	90.26787865983616	0	0.0
7.27714495327199
12	3
0.0	0.018945925297023783	-1.1894762177295768	6.653447581403988	-0.021401951318107255	0.0
10.0	94.0946737252315	94.10479904909698	73.78661990984352	0	0.0
7.5887065704715075
12	4
0.0	-0.22659947560782534	-0.9702192314455484	7.496238974815442	-5.387080517959723	0.0
10.0	94.07771862340529	94.16976024496526	74.27532211096603	0	0.0
7.076713893459622
12	5
0.0	0.08739839368089448	0.6460038537707111	13.5	1.6036659105067606	0.0
10.0	94.16312619361538	94.72173165370519	95	1.6036659105067606	0.0
7.69396964721465
12	6
0.0	-0.14885329237243589	0.13584167743769815	3.383188096971378	0.1912101867016096	0.0
10.0	94.07572779993448	94.21156947737218	71.93184764701434	0.1912101867016096	0.0
7.15445429000969
12	7
0.0	0.030698568403025102	0.2840037897656507	-8.715689426881655	1.2711308817537452	0.0
10.0	94.10642636833751	94.35973158970013	76.36644296501807	1.2711308817537452	0.0
7.5887065704715075
12	8
0.0	-0.15850850636384303	0.5870402308260312	-4.406510238110943	-0.41618367011474	0.0
10.0	94.17648490333848	94.66276803076052	67.03441385211022	0	0.0
7.27714495327199
12	9
0.0	0.41547626501146784	1.3620327117607687	-3.703249522594544	0.10546324668833194	0.0
10.0	94.49120406494595	95.43776051169525	68.78506411960531	0.10546324668833194	0.0
7.521116953991885
