12	0
0.0	0.48274657692988615	-8.004344908777663	-4.558741213113759	0.06391245492952043	-0.03242730717389404
0.0	98.26079975542316	194.72539530600238	9.40756925484952	2.7804532839410134	244.59185737397792
1161.6782695952063
12	1
0.0	0.0009948002462818462	3.7552700400670886	-2.082111113276013	1.5081389543358703	0.2792250488120784
0.0	101.38520946647479	199.68776316120858	10.481758434663359	3.5545871036450736	244.71822913228507
994.2914794646102
12	2
0.0	3.645560708218807	2.079518783456554	1.9324471245528174	0.09071237052557342	-0.13824534303003735
0.0	97.72126904155215	198.8211535784696	13.057941712797158	2.7864044854644208	244.54333333580402
1050.1176079883382
12	3
0.0	-0.18423520783543026	-0.5860599228040237	-0.36538482085404184	0.01700079179563877	0.0001395039805262288
0.0	97.82259350384048	197.30750759332844	11.519861350163037	2.76448893620893	244.6170040537716
1004.7002365761346
12	4
0.0	-7.713904659043049	-2.176679484332806	0.0019036855478493382	1.7313715414329247	0.6486198190281232
0.0	97.2974553646225	197.3633935575533	11.742891981372065	3.947230664629039	244.9473676129926
884.4515524568144
12	5
0.0	-0.3310801562941611	0.07019159386968409	-13.5	-15.0	0.1300667509705336
0.0	97.73727441349969	197.4025736898836	5	0	244.67572087277287
1437.429347423326
12	6
0.0	-0.40426695104920485	0.02189664606504452	2.1374311427400428	2.217195293727354	0.4490211253642027
0.0	97.80539584273619	197.4139108274984	13.178053002668985	4.141923318437147	244.92347464981418
1200.5810011674366
12	7
0.0	0.9999025827193588	-5.382538818828455	0.7450263811149062	0.10492133032228428	0.19386534719155277
0.0	98.52738328237731	193.4501266084939	10.195332169256064	2.7525219583945764	244.74169567467766
910.1717104564597
12	8
0.0	-0.039193912035611844	-0.0583254780667633	0.3399651255362078	-0.32369351146745134	0.028054323847128356
0.0	97.27531502480433	197.36553077022427	11.945202582834044	2.5830748725098345	244.63025424439118
1398.246199546901
12	9
0.0	-5.435294915196696	235.1326944506878	2.3432907132371255	0.2635883199106186	0.025620804916992895
0.0	94.69878811760226	329.20840278402113	12.274427382887431	2.9032530610366374	244.54086053189363
912.4974522892558
