24	0
2.2049172367921592	-0.0001616166528569509	6.35148487221527	0.4018642503434429	-0.4081568154326081	-2.021499774746413
14.762666801690525	10.00004357413715	2086.741193980315	46.03167095308413	74.80466107694953	204.6882244009296
3585.883926704091
24	1
-0.005814165500829623	-0.0005571346423196338	-0.8228389362748486	0.4091275094230112	-2.2316633240954045	-0.18806636220409256
13.842897520683877	10	2082.3147418573644	46.83221606418085	73.46450574351597	205.93744760801917
3482.06188661352
24	2
-0.015023942234882834	-0.0006506443062600539	0.08612202782362277	-0.45635385770444803	-14.25	0.004148736569983739
13.67049701099444	10	2082.490960745343	46.51466513353306	40.53977537889235	206.063996464995
3704.235567424734
24	3
0.061695396358386764	-0.00026567702070473174	-238.6643253287598	0.03951761066000485	-0.04985068807972024	0.13731513120576994
13.875866806372516	10	2271.931127825386	46.74901288638221	75.00802834067237	206.1223685245145
3375.2006603057052
24	4
0.20468310721552785	-0.0004009458106314066	179.01695847602053	0.01576419804043228	-0.07470862079804416	-2.415561990568666
13.989768337422943	10	2167.7853717711178	46.714015541408585	74.78012978819878	205.5245542238323
3491.7959788567514
24	5
-0.17665608680391406	-5.6161677723514834e-05	186.46366996639767	3.7541927866151408	-14.25	0.21402360155117037
13.899740056863257	10	1392.080767250046	46.058896348229936	40.30393089679269	206.21024090611928
3313.060249562327
24	6
-0.007703472216470964	-4.632981185314416e-05	-447.0	0.02577923419832065	-0.288183471309877	0.9222873013598525
13.84407642435431	10.00014147075328	1747.9292355189145	46.697730892097276	74.87070536295978	206.27944198001015
3629.9429190319343
24	7
-0.06890889641904613	-3.0371218200821612e-05	0.008221103197101965	0.0781200995472541	-0.0037696393221051724	-0.1560116845564101
13.828406867537977	10.000095771272774	2082.5285129725326	46.631024691751094	74.95709776699624	205.95902547956268
3409.8649468205954
24	8
0.01175405524655531	0.0027968514875019185	66.80070135173223	-0.0007558061319468233	-0.058210699617522337	0.3164750143110977
13.852400522391141	10.002796851487503	2126.202323714142	46.71310228375672	74.94982594020416	206.14307522278907
3257.6996768868066
24	9
-0.00011245795604295368	-0.0001410533007820801	0.2994779905732141	0.03240740098741721	14.25	-0.10888332344630519
13.846519431111048	10	2082.7169352216515	46.63214634221361	93.27403051036322	205.98075972311887
3531.2683250698974
24	10
-1.3873992527053223	-1.028545717301735e-05	-0.8344761857936389	-0.037554307722734624	1.4060707530245187	-0.05959434607173563
13.276233742884777	10.000024223363502	2081.983726906903	46.70281529313047	75.48545498089881	206.06299611173296
3419.1209904720736
24	11
2.241208833194312	1.3909443800412224e-05	-17.365871259787006	0.658389115445435	-0.029919819527557456	-1.5762127579290606
15.195027217575154	10.000013909443801	2069.942861374926	47.090202021082476	74.95926335752372	205.28939797730334
3448.225229584805
24	12
-0.003262032277550422	0.00022561029400097111	-88.3754570372757	-0.11996512715237588	-0.003073541204897996	0.0039601794536128785
13.845311859592892	10.000225610294	2073.571853904195	46.65346249964924	74.97443847915679	206.06442672107988
3389.4609849293247
24	13
-0.057371309533204656	-0.000999134363308863	2.070501658652837	-0.0012590205427507211	0.06431541718154055	-0.07629083972251384
13.818854138270728	10	2083.958126920885	46.71280118685901	75.0051660722785	206.0239540741636
3488.370564011225
24	14
-0.13815193260550068	-0.0004596264234021031	0.6917216472447896	-2.43232104138217	0.3019258819008702	1.0927677238957498
13.774031352375765	10	2082.881338849765	45.20417761694215	75.15986107306	206.47905527662854
3643.2372475997663
24	15
-0.001761019953727769	-0.0003919187976843182	-5.196869528782246	0.007825226150710792	1.3868841167161448	0.4161851248331094
13.84574672494086	10	2078.636519939684	46.71213174350427	75.94891296145113	206.33617406903272
3526.468297483829
24	16
0.03861995079214001	0.00010822694321877085	0.030301401074347187	-0.08902835610364042	-9.35374197449628	0.0012848244474145786
13.872413764208908	10.000108226943219	2082.5398759505492	46.75170437179595	90.64625802550373	206.06118008727782
3477.1355789632034
24	17
0.0023279109714946676	-1.5002565385722633e-05	112.11731251500048	-0.007100565939484755	6.762540906516515	-3.2748936088191965e-05
13.847728101690594	10.000009940523672	2181.0508556686173	46.710928796487636	79.69930215455587	206.06241192705136
3595.383684081601
24	18
7.488750399070775e-05	-3.242857510023963e-05	1.1664539359236934	0.026685331564137996	-0.05838881478220044	0.0022134374028856168
13.846905980965591	10	2083.001160440553	46.71502331948776	74.9538802371343	206.06358082993611
3187.208898221246
24	19
0.0009033000994659397	-0.00012357412777846198	3.97594115273066	1.1911928145542021	0.008993025865443937	-0.015427823849880708
13.846807497489596	10	2084.761860736026	47.33029833116147	74.98259116919834	205.9581473749146
3578.1031873681845
