22	0
-0.049315989742904534	-1.0621920381482584e-05	1.0323287700539919e-07	1.3035000226678996e-06	-6.262127233258354e-07
0.36666794383859835	0.5000042488659222	30.00000006308371	250	99.99999937378728
50.416
22	1
-0.00026870594613396983	-0.0009485679103757981	0.009816331661563657	0.00010710560091985122	4.16389646151828e-05
0.399989501718889	0.4995462573929874	30.005008363763547	250	100
50.416
22	2
2.485353555607039e-07	1.8289916156101446e-05	0.6820594172512721	-0.0007503338273722911	0.00010512634176778158
0.39999986978307056	0.5000121795786363	30.331512573332162	249.99924966617263	99.99991312550922
50.416
22	3
0.00011469893919806653	-0.0017067216474067654	-0.1366924365031699	-3.449685915957774e-05	1.6951285890262055e-07
0.3999974312265942	0.49914934323938126	30.047289946463714	249.99996550314083	100
50.416
22	4
0.0003217497637723341	-5.762297273416665e-05	-12.0	1.3494853435448237e-05	-0.00013456427138093104
0.40022284853062634	0.49995547430523146	29.257125793446626	250	99.99986543572862
50.416
22	5
0.0035225679907296566	-0.00029806089347391535	0.12253353143316896	-0.0001341577252595164	-4.247410211821872e-05
0.4019454099455176	0.4998348408794763	30.04681537032782	249.99986584227474	99.99995752589788
50.416
22	6
0.15	-2.7538002568265774e-07	0.5595412568499418	-2.6333664841645194e-05	1.8646857468958834e-05
0.3336304419863653	0.4999998133150243	30.360741759224407	249.99997366633517	100
50.416
22	7
-0.0034916299842523294	-0.00013873669257596008	-0.000503460867899598	0.00015975399733826558	0.001409451590256257
0.39765632746827184	0.4998881305701492	30.000643379163495	250	100
50.416
22	8
-0.003530583282049433	2.4944682883497562e-05	0.11739385173713632	-5.146998687520855e-05	3.6720196206850297e-07
0.3984877699998259	0.5000133687845225	29.955444254700087	249.9999485300131	100
50.416
22	9
5.3859834291119785e-05	-0.00013710814141083274	0.004043532244132047	1.0636739761211053e-06	4.614013781611672e-05
0.4000337703084923	0.49996594234264097	30.004622710339348	249.99999968934756	100
50.416
22	10
0.0003423572283374274	3.5942801924067797e-06	2.0894470194078547	-4.0489681425587226e-05	9.942978982286337e-06
0.40005427072911154	0.5000002555391541	31.30680667513527	249.99995712142348	99.99999875970269
50.416
22	11
-0.15	-0.01461703661657324	0.007646500299029125	-0.00035776736146409844	-0.0006494263685798045
0.18289133815404773	0.49593690744627766	30.004504983465846	249.99964223263854	99.99935057363142
50.416
22	12
-4.22061184986952e-05	-0.007656414081747785	-0.00286234166297082	-8.170734007383871e-05	5.0949083930118616e-05
0.4001123476250509	0.5029467662164189	29.99848583177628	249.9999182926599	100
50.416
22	13
-0.0020824688033658847	-7.419201976663487e-06	0.0013504355893270224	3.410681738510053e-05	-5.9755675947263324e-05
0.39883579903012656	0.49999690434316657	30.000871856360696	250	99.99994024432405
50.416
22	14
-0.000666038519375009	0.0025524330474153475	-0.014230534687647959	-5.713853070622471e-05	0.0009466522513849291
0.399012141633976	0.5018083196876073	29.99301918607023	249.9999428614693	100
50.416
