3	0
8.547683798540122	0.31357872076800003	-81.8904	-2.1984	-1.6837311050056654	6.5952
426.8658022188473	17.945104480768	2264.3722181248777	87.8016	15.117540865549277	16.5952
17.029657212963258
3	1
-33.83365687606523	0.17611351969461797	447.0	-2.1984	-0.3662365887150254	-30.98027780494582
425.27300130134427	28.155392037272904	3000	87.8016	17.37598183037705	10
59.25164609068416
3	2
-73.5	0.31357872076800003	447.0	8.844055621602816	-8.565795901566766	-14.866031519225357
349.6967208872419	17.945104480768	3000	90	20.5916731679156	10
27.745102139319954
3	3
-43.668535233683535	0.31357872076800003	447.0	12.0	-0.19124035466570785	-13.484400877161441
413.4715816903182	17.945104480768	3000	90	16.554653261212398	12.563412304103082
24.95520577739131
3	4
-18.678340401665707	-0.9336947114802866	447.0	3.1412381931647486	-14.25	6.5952
439.78891591531703	18.307751765370575	2429.4839136113096	83.48572041115877	5	16.5952
33.25864673912779
