16	0
-0.7068238717046696	-0.01728644901211687	-18.647879282292926	0.5546136160507391	-2.107716005713781	-0.4412577259028341
13.142080813835673	10	2103.073579447624	46.923321130083416	72.37742562442158	205.78233959458072
3654.4557820467244
16	1
-0.0406741276341815	-0.03708555256993139	-444.905966952834	12.0	-14.25	-0.018189509196711078
13.813728460028305	10	1768.297171410685	55.60352439823967	85.39256063093919	206.04815657558598
3547.521825342288
16	2
0.23536267742509293	-0.01993689187032908	1.5272984523169617	-0.8198450697480004	-14.25	-0.004846711662229405
13.628204952559466	10	2082.7478956837413	46.58412421930727	59.41176887540919	206.05949245348282
3704.235567424734
16	3
-0.20509819988088301	-0.006739747512969414	-150.41091715311057	5.526600697094002	-13.654880844181625	0.43575500366678666
13.727564338762537	10.014713944577368	1977.1926871771823	46.52479274611367	66.30839554814007	206.04553466047187
3375.2006603057052
16	4
-0.1645893761833191	-0.00596984273444332	447.0	-1.864056531166952	-14.25	-0.43754739345307725
13.732665647237658	10.003631545123282	2378.0622263764317	46.73947836097785	62.6387821114684	207.20761405358053
3491.7959788567514
16	5
-0.19104949988480902	-0.002578219212220399	210.04587531094052	6.542706121496832	-14.25	0.175788929103586
13.772476304102813	10	2215.5232601642606	50.84841294309228	22.270450346517464	206.08065914837792
3469.407446587505
16	6
0.1886625595943194	-0.005404366720558708	71.24950429560003	-0.0646008842654463	-2.040220933122157	-0.35870784489894186
13.780666696721505	10.004822829495069	2032.1865777682367	46.64623290764743	74.76022868596341	206.03329012144803
3629.9429190319343
16	7
-0.5941492409221725	-0.012804608874930366	-9.28638831683205	2.769984129895057	-6.347943792949408	2.084049398342921
13.465769539109376	10	2076.9832754914146	46.81977937788179	90.24546796994416	206.84470064022602
3704.829687459571
16	8
-0.6365776986464401	0.03927920248026895	79.91514370714421	-0.1647530347024728	3.3793892270651535	-7.5
13.806768405244748	10.03927920248027	2101.801474466882	46.72639968718143	75.44079071954776	201.05163002162078
3257.6996768868066
16	9
0.014502110372811334	-0.013579065895717585	-56.45575773975739	0.32494748281754493	-14.25	-1.816254729081843
13.85364743181878	10	2120.766615328731	46.70376368423595	33.67523843149608	205.42064959186663
3531.2683250698974
16	10
1.3599384439275182	0.004344563327620974	-304.2052519858811	0.08000879285634044	-14.25	1.1757705939375076
14.04233744138566	10.00434456332762	2107.340940515321	46.67642089435576	40.5411972974509	206.7968987068454
3461.995934613658
16	11
6.123325268072738	-0.000355586295529849	-395.06359675914916	12.0	-3.9467006856556988	-0.27482378365531723
17.458864129432445	10.001048854191088	1928.569840550951	63.76093193448105	72.45747019681545	205.90339067907092
3448.225229584805
16	12
-0.13297836900415982	0.021038025523122728	447.0	1.974375480957109	-0.9032770300654488	0.00308338827001007
14.006565838381137	10.021038025523122	2465.862710123635	47.88904485597685	75.49456883169384	206.06400452588997
3389.4609849293247
16	13
-0.12579643453005357	0.007910679058485838	-4.55588586292015	-0.07391804913294563	-1.1412172851810203	2.0481984035866603
13.767000644436617	10.007910679058487	2088.747339904918	46.6938629662044	75.34383078769135	207.22543463841996
3585.9809097019006
16	14
-0.20565493315740935	-0.02059807951139448	13.29559985766329	-12.0	-1.5122111729691552	3.688245185543405
13.86746661167515	10	2084.1950570138647	26.86890645217163	72.76718096029138	208.68491608662168
3643.2372475997663
16	15
1.6652771451882944	0.02574834068400303	372.6087924408477	0.2271675717233248	-14.25	-0.48385937526333705
14.775348974000273	10.025748340684004	2277.7274158353	46.849222567189805	41.45696685840592	205.74949309363572
3526.468297483829
16	16
-0.009559974466171055	0.023708982063520005	-14.661259957704083	-11.978923186081895	-14.25	-0.011241649258677372
13.844904478656884	10.02370898206352	2075.534468988991	39.52352444949506	59.95227979142281	206.05584588182043
3477.1355789632034
16	17
-0.0011791770821421865	-0.003943848982568597	80.48465301901221	0.2007964722970626	-14.25	0.05107711512086302
13.846018411187014	10	2114.5787012586197	46.78361049356081	59.158021561739545	206.09586518899138
3595.383684081601
16	18
-3.4207689997559475e-05	0.0016799474306916206	-2.6295791138447777	0.010065871439160419	1.8843815478040293	0.04046757154762386
13.846693807099403	10.001679947430691	2080.4368450296643	46.71780805527828	76.10620001145008	206.08969054478217
3187.208898221246
16	19
-0.06403917639569741	0.004516390955669723	126.64069584172138	0.79763610844711	0.37346083833075894	-0.6956636746546134
13.83370085529829	10.004869507485934	2160.67645067335	46.78777384748596	75.55110830021363	205.61091002140344
3578.1031873681845
