47	0
-0.008860175104434414	0.03729468313059861	0.02868309011220792	0.04781688065680904	-0.2264067952357244	-0.000119100699334316
0.7257208780265719	0.5467447664443115	0.2732714718567731	0.07328007892708338	0	0.0036833678936229394
0.6397915941192418
47	1
0.027883649899736154	-0.11427759932123463	0.07003408822932945	0.018470347815594635	-0.054289250589304616	0.0004990318002404752
0.6715715285903321	0.4670002089597787	0.27720128408245426	0.06482954071331212	0.019668461817992006	0.003067196802395104
0.6247717829693209
47	2
-0.1869310433846569	0.021928570874803106	-0.06117670649900078	0.00410670615495887	-0.043968797745836036	0.003756472332443787
0.5945694286183354	0.5348926388232246	0.2599354021701883	0.060968404834390935	0.012976996059143972	0.005065391561254221
0.5645751817836077
47	3
0.0014481944019743673	0.003061938475303051	-0.005985688706965406	0.0001888011619061539	-0.006189945364663337	-0.006082856609897019
0.7142756000091071	0.4972073560174856	0.22897144414730564	0.05489383566791963	0.01126320563998984	0.0020799586442659477
0.46753492015677545
47	4
0.014984680730402423	0.09880739320505227	-0.028452139284186835	0.09833145712615675	-0.13211538849876805	0.0015869539737896623
0.7424893867429931	0.5897636932780188	0.2373273136908604	0.10998511403472203	0	0.0021868695316539935
0.5992102395672684
47	5
0.0013412236526924985	0.016985996799670448	0.04834363018080914	0.07076602168249636	-0.035488188287387236	-0.006954090798073503
0.7250227351516461	0.5188800911711515	0.2836703618866279	0.10210077505443034	0	0
0.5755609983018736
47	6
0.07246614770551232	-0.008903628225023424	-0.028774923645313873	0.00019632514067711749	-0.0535630061449972	-0.0011373393043659994
0.7881150583061577	0.5200224322177521	0.24244417731782558	0.055058644097192785	0	0.0025332545293442477
0.6977657352079856
47	7
-0.09833720078056586	0.06730392514492678	0.0867312474915396	-0.02183700632950422	-0.03182756790494608	-0.0001880123751047081
0.6606804367062381	0.5623787998858155	0.3181039212149864	0.05613524878121473	0	0.002986922221474415
0.5807982493269674
47	8
0.016120727933839868	0.009638486470255036	-0.006229799650803732	-0.004102779565993427	-0.0398706940354912	0.011184843671687714
0.7165399061349159	0.5255355422777143	0.25061490961805366	0.05830932042227795	0.0002338693197381017	0.011184843671687714
0.5604095165337998
47	9
-0.15987158292802542	0.009186392318077394	0.016363644712723342	0.00894654623823299	-0.053915126698904255	0.003907573724755058
0.6683375483580992	0.5308889194702705	0.25971613774112434	0.057745037638324725	0	0.0059486374450649655
0.7185269043851019
47	10
0.07494764070982417	-0.01567835718518744	-0.13053301214912985	-0.006355619024731424	-0.028143635195947817	-0.006488152603827889
0.7639528243526478	0.5133815986045025	0.2894677139723636	0.05088021885476484	0.011819175506489293	0
0.7879487793538084
47	11
0.020379620847588535	0.026432798075255597	0.019953705593882265	0.10699770089612545	-0.011860837618272654	-0.0001969389127809454
0.7254853350383068	0.5365885301639585	0.2550577680157714	0.10699770089612545	0.01276910288798087	0.0030629261805775764
0.6184187968919462
47	12
0.005197629552682683	0.0030800586465369977	0.02489779452330414	0.01073714597422994	-0.02619312548011702	0.0002322926883609974
0.7303892927222297	0.5237755020668722	0.23868638311168688	0.059660745669273915	0	0.0029320450065116917
0.5809473580229229
47	13
-0.02251408725788184	0.12561948384512636	-0.05067660499102922	-0.1481487525149727	-0.00901086923810696	-0.0015108224378301714
0.7219341738031546	0.5690684078349726	0.2222880191234431	0	0.014757870370745474	0.0034395019674501636
0.6144632673209759
47	14
0.029095374285362005	0.07421676494348435	-0.07130739130751083	-0.014444633931191149	-0.10247892774634026	-0.0005500387399151826
0.7472876574537439	0.5759250103884529	0.20998841129134493	0.050207617623953524	0	0.0027269727507134127
0.6742271066140717
47	15
0.061065289355424136	0.0862591714281971	0.016532158194756705	0.12814938979876422	-0.11574134172899685	0.00010678617338545774
0.7695450710920442	0.5631083855253929	0.2401608706487269	0.12814938979876422	0	0.0031937823274617505
0.5188445217666684
47	16
-4.301629070585903	-0.027762138811893534	0.0724711014447971	-0.004592527483953586	-0.018473658137192678	-0.00524506971045956
0	0.5138250266635572	0.2988924444551863	0.05788207293358693	0.0035196098997128354	0
0.8764542781228087
47	17
0.009634261230718385	0.020217037141644665	0.01813642043863577	0.0008062595497219585	-0.04090184220322436	3.5243907423085404e-05
0.7300842980190839	0.5250268481707995	0.25509633016028577	0.05505443743680921	0	0.0033174501653716547
0.48921553608260365
47	18
0.08596759668056347	-0.14000795790802367	-0.037188362917338916	-0.03367902470615862	-0.011248306130944626	6.457405058632352e-05
0.7856684930287796	0.4745529431037091	0.24312814822222417	0.032770813718687744	0.0056499351926093296	0.0031852505846747163
0.6051811325294666
47	19
0.02111927059526854	-0.11540237674147975	-0.03367153141448136	-0.004688125696194861	-0.05273888823734527	-0.0023443594853632156
0.7222438496633972	0.45144845808503736	0.3074318319297156	0.05339763901812015	0.003783979216163788	0.003148688638637858
0.5248904244497448
47	20
0.013185014131153019	0.01520907834878937	0.14153902145087563	0.0009969168126694081	-0.022059053524295543	-0.0008774588254783767
0.7181192407002028	0.4802862376098074	0.3205941054294493	0.054942210830539275	0.07037708651423252	0.0028542690346384323
0.6572611826883863
47	21
0.003767536430654673	-0.010236404219699933	-0.009369478614567045	0.00421001566179678	-0.0014756474708857072	7.131497417059128e-05
0.7322349520687514	0.516239149314503	0.24925994639478194	0.05855676676748249	0.009193904373131107	0.003214871095948174
0.42744892377024474
47	22
-0.028160272439404152	-0.014719516575281838	-0.09911425692966384	0.03339030895427438	-0.04043921890457967	0.000587642409402158
0.7176529634637714	0.514902318147788	0.21475163566033761	0.03899107283981763	0	0.0036480234784590166
0.6020754564336361
47	23
-0.012045759712641282	-0.05113160451285506	0.03287968416798112	-0.01582204101262736	-0.08073510502423528	-0.0050398827009364554
0.7287467879156245	0.48941683382924017	0.23996801158312492	0.06382189073746264	0	5.951829676113362e-05
0.5870550339377986
47	24
0.028655108145735395	-0.010132681117230674	-0.05629383321828024	0.16158897109387216	-0.025433802913787492	-0.0032285824468590856
0.7399066798663991	0.5165651531246663	0.2687071905947891	0.16158897109387216	0	0.0011018744219430904
0.5672582816395172
