11	0
0.0	0.4602402802427261	0.16758790433595053	1.5608587080403473	0.4362631841628953	0.0
10.0	94.53596808017721	94.24331570427043	62.37502168804172	1.780931612745656	0.0
7.5887065704715075
11	1
0.0	-0.9535226686076119	-3.58259092859641	8.04950898319558	-0.6386084973530155	0.0
10.0	94.89775460135678	94.07572779993448	74.29764540692501	0.39174101873897116	0.0
7.5887065704715075
11	2
0.0	-0.19331893165411373	1.631003043491167	-13.5	0.6846165844459533	0.0
10.0	94.07572779993448	95.70673084342565	59.79111413092591	0.6846165844459533	0.0
7.27714495327199
11	3
0.0	-0.10341662280034816	1.2185474668920726	4.101311784180464	-0.05047151888438583	0.0
10.0	94.07572779993448	95.29427526682656	67.13317232843954	0.013275550991177727	0.0
7.5887065704715075
11	4
0.0	0.22859029907863385	1.0642516764763317	-8.649851491760831	1.7103696611288515	0.0
10.0	94.30431809901312	95.13997947641082	66.77908313615059	1.7103696611288515	0.0
7.076713893459622
11	5
0.0	-0.4770654676904721	-3.5262219092287723	-13.5	-8.753634882678824	0.0
10.0	94.07572779993448	94.07572779993448	45.341547868414146	0	0.0
7.69396964721465
11	6
0.0	-0.22487669213810435	-0.7414938724765183	-5.802274571695039	-1.0437237265371704	0.0
10.0	94.15139390895654	94.07572779993448	68.54865955004296	0	0.0
7.15445429000969
11	7
0.0	-0.16756860482000602	-1.5502390271050803	-9.917867608100284	-6.938487345817387	0.0
10.0	94.07572779993448	94.07572779993448	85.08213239189972	0	0.0
7.5887065704715075
11	8
0.0	0.2592656097678349	-3.204368072194493	2.2752576537217486	-0.3795089797479219	0.0
10.0	94.33499340970232	94.07572779993448	71.44092409022116	0.20099025029421153	0.0
7.27714495327199
11	9
0.0	-2.2678835426390167	-7.434676374240003	-1.7193085829682726	-0.5756727439319429	0.0
10.0	94.07572779993448	94.07572779993448	72.48831364219986	0	0.0
7.739106570471508
