0	0
21.0	-51.0	447.0	12.0	14.25	7.5
150	14.086621931835595	2454.099813559935	83.93553492882631	100	244.54315866766245
7074.159626630025
0	1
11.99019207179228	-32.804331141122404	-130.11120114552455	8.227302887232161	-14.25	-7.5
129.55998042700816	80.32199572571292	1310.1477222284957	64.89786604363465	76.25762127488052	200
1291.3036818981798
0	2
-9.123115123972926	-51.0	447.0	-12.0	-12.74413007281874	-7.5
112.40947027551552	10	1635.9985796692085	54.424192712597375	77.64550728414065	200
4847.126258001468
0	3
21.0	-51.0	447.0	-10.206264871877096	14.25	7.5
144.60950366653367	10	2323.6686270388377	64.19596128916469	100	250
5132.134185458525
0	4
-14.979224855196795	-45.74790820845326	145.5156268597459	-5.658274717711651	14.25	7.5
115.16119146872033	47.18178993317161	1134.6246278469685	73.97942385098072	100	239.10581907178474
1826.7123712868936
