20	0
0.0	0.00728497240227262	-0.37926797788689903	21.0	10.583548058368775	0.0
0.0	56.70175856003246	57.86513786921322	140.90365856505366	11.280763418654583	0.0
4799.842986318386
20	1
0.0	0.3869594105974606	-0.0008602068902663894	5.313361255611619	0.3186020130647114	0.0
0.0	56.83239609055815	58.08146594578039	88.6217021887083	4.983172200924645	0.0
4465.92
20	2
0.0	-0.002969542169547483	-1.4801393049481018	-6.640147222355236	-0.20203111249201128	0.0
0.0	56.69960082151298	57.892312554545	89.56768727199278	4.668308573574896	0.0
4546.46478211157
20	3
0.0	0.04077089759945775	0.009163454604593708	-0.0008836201061316525	0.0025193590545689658	0.0
0.0	56.66051774701439	58.08838432468768	93.03124700824068	4.8005052356663205	0.0
4417.049670819062
20	4
0.0	-0.1928699324554264	-1.6465716156216845	-9.100627362901675e-05	-0.02412105710329292	0.0
0.0	56.56605887556694	57.07326495406839	93.03060498606149	4.788537926154401	0.0
4431.079537676195
