13	0
0.0	0.2326951309422204	8.204693420699755	2.019845524268457	0.6214730068276647	0.0
20.0	94.3084229308767	126.60391538174116	34.79380497990916	0.6214730068276647	0.0
5.536
13	1
0.0	-0.4950267688455597	41.77291754014995	13.5	0.12946353742871997	0.0
20.0	94.33593278873632	152.19092848186503	65.75313662751057	0.12946353742871997	0.0
5.536
13	2
0.0	-0.0538837407575647	15.311278163987534	-13.5	0.2050558852588783	0.0
20.0	94.07572779993448	125.61895081429242	5	0.2050558852588783	0.0
5.536
13	3
0.0	-0.039356214005496395	-4.98500743806269	13.5	0.0039208374814772495	0.0
20.0	94.07572779993448	118.73526987358944	38.30368076859284	0.0039208374814772495	0.0
5.536
13	4
0.0	0.037932532925365074	3.240941039504011	13.5	0.9869131508902212	0.0
20.0	94.11565115633066	126.08310357520341	36.111721632540906	0.9869131508902212	0.0
5.536
13	5
0.0	-0.04917596662367879	-1.4929101820774335	-13.5	-2.2065144039952487	0.0
20.0	94.1139502269917	121.3704702768322	18.945451469021123	0	0.0
5.536
13	6
0.0	0.027269923162630254	-16.372942108662194	-13.5	-0.24496783395912794	0.0
20.0	94.10299772309712	114.95138680933499	9.487255492017503	0	0.0
5.536
13	7
0.0	-0.061515328348487934	85.17837468843817	-13.5	-3.4046845083718313	0.0
20.0	94.07572779993448	179.25410248837267	28.88359435925142	0	0.0
5.536
13	8
0.0	-0.2802472078550424	-6.666912097846003	13.5	0.07624484836502037	0.0
20.0	94.07572779993448	118.6985032727546	37.60253387404454	0.07624484836502037	0.0
5.536
13	9
0.0	-1.3803157094317255	-101.9463789116485	1.042765159541775	-0.12310425317533945	0.0
20.0	94.07572779993448	94.07572779993448	33.53033985691249	0	0.0
5.536
