13	0
8.3195010024067	2.9750297941044783	-5.885791648031649	29.987948712473315
389.4314742951235	13.150929001756104	225.385028970739	90.08338065353843
26297.561999999998
13	1
-293.4285090131524	5.444727085216174	54.47695063046788	-0.004507060726880224
377.5567875864141	5.444727085216174	202.36219682402532	90.14891729990055
48331.79466666666
13	2
25.532368240306983	0.15162222391311436	-2.412125722797583	-2.7913557827702764
417.87087661336375	11.15766885754526	224.36253148050656	88.81130949066569
33450.526
13	3
141.74907833731586	-10.20579892636226	0.43193903189485744	-5.615420657271016
461.3453773823021	4.268857340197698	221.935972203238	87.15393593301982
31268.673333333347
13	4
-272.8531707558537	0.0845033645531433	0.503699441717281	-14.063894142590714
367.26901391828125	11.107142516961758	221.96578178917215	122.57229592683028
27936.703333333327
13	5
-55.92455486047454	1.7296309203728348	-150.0	0.30954646105085726
363.41427835241393	11.69838082769486	16.319836635722993	90.23519328868558
19553.30266666667
13	6
-1.5254458966976805	14.28239912733906	-0.7101359977558889	0.048951724915669334
403.60616726377003	21.112271318185485	221.48017455981048	90.17025657698643
18229.096
13	7
0.14062331173335252	-2.4729913266131187	150.0	0.11424281633060938
403.5991985851583	9.290390047653588	379.19346267219987	90.21007402036336
49263.33600000001
13	8
229.3023668620998	-1.1132994504042755	-0.33442483682574986	31.47074505200236
455.85546532820786	10.571312333673982	219.66129625779436	110.03342882105711
29050.283999999996
13	9
-44.96366821758546	-1.2078467937788537	-7.2428490927316425	-1.3696945119446895
376.6154604247574	10.410569929371244	216.72156508103276	89.96501963142575
27471.622666666663
13	10
20.30868193999354	-0.13527799615504693	-0.3209940848332942	0.5882268111191662
392.000055961307	11.02838459465124	221.55255333699913	87.48356367597532
21533.462666666663
13	11
392.67560567759483	8.229102244192887	1.1884743162753466	-7.6657943590115805
439.3555144236069	9.580921816920899	224.69152406026726	82.795674042613
32675.770666666664
13	12
0.02701139259216119	0.8847644182891085	-2.788673932287905	-14.636616454011754
403.8562289866471	11.974633409301873	221.03118259008403	85.36816212507591
33613.52666666667
13	13
1.9830182894072987	-0.02816544770275862	-33.14460313714055	0.2753482157050477
404.9161137461004	11.084898224200945	204.31299544488218	90.24332188654516
36858.94466666668
13	14
-4.541220827670952	9.67046484672036	-4.370364170052383	-0.7701749579983582
400.41700953337175	17.873777884927367	237.10931493556683	89.77044290080293
52550.99866666667
