44	0
0.1504978059351661	0.05269875780729376	0.0028172822509991945	0.006256376022882853	0.021625549860008864	-0.00039285420733109055
0.7723004118354846	0.47293182450269317	0.1980558537251595	0.035479543296903795	0.024123983973248216	0.0013015424654815723
0.6397915941192418
44	1
0.010541577083811367	0.058435530212053735	0.026036941884500238	0.00043480656603782884	0.043139848052196145	0.0006845557220871717
0.6677557600699205	0.457312005416778	0.21272538331122384	0.03245580746241266	0.043139848052196145	0.0016666949110976776
0.6247717829693209
44	2
0.008412770300124547	0.009989298739887386	0.019718616818745004	0.009046873000112653	-0.0005903143933203886	-0.0006319030566218938
0.6729314179590089	0.4452658886890662	0.20454970028366692	0.03273049829472053	0.011823251856929569	0.0012421300114893287
0.5942422264293081
44	3
0.001207629037716747	0.02218876268097737	0.029645541056199272	0.012474676657264025	-0.005497450221940221	0.005538673785891791
0.663596323285597	0.4623635573081791	0.18813598471599108	0.040233630114170485	0.008992835808450509	0.005538673785891791
0.7140557468792863
44	4
-0.03783199778460586	0.005359327957184032	9.891410872343463e-06	0.010977729649930225	0.030553834837192886	-3.101220680804331e-05
0.6479636833577339	0.44480760051985035	0.19020178725994738	0.03760974246293766	0.030553834837192886	0.001591309766376834
0.5992102395672684
44	5
0.0011574480442572664	0.009281925665339091	-0.021233487682295972	-0.005730729203029643	0.052248154842500574	0.004030141999051584
0.6664961953204116	0.4237916859781056	0.23133253773418347	0.04064103061877059	0.052248154842500574	0.004030141999051584
0.6269464536242628
44	6
-0.18880115038694792	-0.007457668768293047	-0.007320094542790822	0.014133631369702556	-0.0015250236830323073	0.003947575648375174
0.5553270889501553	0.4380500147437857	0.1953422584028175	0.04351627879131455	0.010078150611694533	0.003947575648375174
1.0279327009380617
44	7
0.0024707128244741256	-0.0006599179589619676	0.0133237633074899	0.002101067473719356	0.01794606419457713	0.0026403106909777805
0.6666273249780864	0.44119117649507195	0.19572513025894442	0.03641829836114878	0.01794606419457713	0.0029517007091309066
0.5807982493269674
44	8
0.00834814365450888	-0.0023200515963542404	0.010818628583922232	0.0046253024542051175	-0.006282909738802779	-1.3510398101355115e-05
0.6730535416008313	0.43953445600338126	0.19800111562403794	0.03824173055462001	0.008612733929928796	0.0015268095370293525
0.5875329820145226
44	9
1.0930636891284957	-0.022399145272648278	-0.174543489708399	-0.0027309216004417366	0.0046775765286943775	-0.0009519916931707142
1.345010767542819	0.42789832376643916	0.12285347261232898	0.03843512027271135	0.014087508117538948	0.0018605967714760388
0.7185269043851019
44	10
0.007758693672911652	0.05538418337962503	0.08641272929413583	0.014689601531573974	0.01716717047361232	0.002651505056212182
0.6713114882109199	0.47944826768065757	0.161647080985436	0.04639557783713362	0.01716717047361232	0.002651505056212182
0.7879487793538084
44	11
0.0028654023487522913	0.009784442030153353	-0.035305737718016955	0.0015419279438085606	-0.00036558836266222135	0.0011982108549587105
0.6674835729194072	0.4468765122739206	0.17463932162935533	0.03632593440743431	0.013256407395369084	0.00209686500562182
0.6184187968919462
44	12
0.006660785604849053	0.00549203827195841	0.02601265890392576	0.026036268468126893	-0.0014008013329261362	0.0015966566135514541
0.6717340261399172	0.4440468692465363	0.2125594789218385	0.05367338023594379	0.010366284654727073	0.002241229810335218
0.5829756701632738
44	13
-0.003782490032020289	0.015956742422887003	0.00686488895045973	0.02560142811509291	-0.0027661618222479473	0.002767315382818032
0.6664941963892045	0.41939527481064764	0.19438414600909043	0.02560142811509291	0.011236421932285332	0.003189717838433366
0.6144632673209759
44	14
0.009089730963721801	0.12372667628531621	-0.17089483291438953	0.019046972980026562	0.010340129775560883	-4.3318502369500716e-05
0.6721973566319366	0.5189060875492136	0.09112215221714895	0.04860019153600391	0.016356714181916254	0.0014555792368196956
0.6742271066140717
44	15
0.004167305644725212	0.0017922078676913683	0.02043177399197811	-0.008122527687013747	-0.005830596174708452	-0.0003353131528955933
0.6685439636274888	0.43832529677053556	0.1751584033734025	0.03479222989430845	0.010114368810402622	0.0013382469570009763
0.6108466484357636
44	16
1.7719924746451723	-0.004244615102362911	0.012425846109303786	0.005712041324549491	0.004120097819659567	0.004691857772531054
1.878098231750436	0.4600087478392557	0.20001983398339743	0.049043194660255536	0.013222217836213742	0.004691857772531054
0.8764542781228087
44	17
-0.07966661379496441	-0.011601186452684589	0.004940496648776943	0.010848577208340532	-0.01856100563630966	-4.9971069253100026e-05
0.7183573725292145	0.4343943701585369	0.18744325642312296	0.038567726866808885	0	0.0021721214131818385
0.670337589042638
44	18
0.0027713864430485248	0.0462118020938725	0.0634056669841549	0.021173601514595908	0.004754990439438958	-0.0005348240210071112
0.6659505198423441	0.4527766839350602	0.2421522626729615	0.043493766092660036	0.013788076728879049	0.002174110945633466
0.6051811325294666
44	19
0.04439176393404738	0.05291891439983216	0.022755664995511633	0.04624529028973842	-0.000786695990898912	0.002907188156897587
0.6979318692018004	0.47426591309051547	0.2098309887837669	0.06140397230965353	0.01209381647434345	0.002907188156897587
0.6377544799276639
44	20
0.010469718254717693	0.001724480956221642	-0.17179575768003677	0.009223274736610105	0.02374749979721839	-0.0027359370710796915
0.6735797885393764	0.4403735115224391	0.08270920805574769	0.03253531604288241	0.02374749979721839	0
0.6572611826883863
44	21
0.006498865015877901	0.06830867635589007	0.023135365485551337	0.002027621201034048	0.013684127883346546	-0.00013226425236509125
0.6716812248467863	0.4852555994110949	0.2126052167951803	0.03697431481027218	0.019684278964904846	0.0014080963186950668
0.6008638359140733
44	22
0.1162578927766868	0.001503888900374679	0.019232582108097085	0.010833205148005093	0.0011979440577881708	0.00023988859283728708
0.7256872714557152	0.44223790481662983	0.20587713299049606	0.04323977113811685	0.013939465683766392	0.001655188226877656
0.6122530784009236
44	23
0.0006357153730024699	0.0005643186599775685	0.02959214973814661	0.0009405443308827387	0.008612141153285657	0.0026892963609053194
0.6647220493875879	0.4467649568607575	0.21633085066398489	0.03181144885191057	0.015258245358641872	0.00298063652627782
0.5870550339377986
44	24
-0.000642983529945063	-0.00013959695700700467	-0.005455948819370851	0.0014495923007112283	0.004513459791959605	-7.909186120579631e-05
0.6667454115198774	0.44044976854297047	0.19273624260646827	0.03699085275794068	0.014983036655795442	0.001431208693958473
0.5672582816395172
