20	0
-0.02985936723820127	0.5901722357643123	0.034434726920952285	-0.12718596178251848	-0.05418288300305104	0.04872019102424719
0.5829660947631294	0.8119549541295963	0.12047018259716095	0	0.09311530976787638	0.04872019102424719
5.317756091645516
20	1
-0.5752117527157348	-0.06603580232388012	-0.008635064483587307	-0.002788340777516189	-0.19570598321453841	0.29582564914089476
1.0909463130626273	0.39546777844207504	0.11707016142847282	0.003482403049278939	0.12424065030555242	0.29582564914089476
29.32456161102186
20	2
0.2688315885006031	0.04138004986059236	0.14589992199727314	0.025256365812979072	-0.13057636097207143	0.06620278439984238
0.530980923604655	0.44709474039057	0.21310470632255651	0.025256365812979072	0.15894931841049342	0.06620278439984238
4.274939444862157
20	3
-0.12868989856871496	-0.018990394716691186	0.02578226649330472	-0.03013633391298973	-0.019752386305795212	0.07917572752793398
0.6230903478972633	0.4238383683974331	0.19579097704505885	0	0.11857121862509076	0.07917572752793398
3.80071057034192
20	4
-1.2431858956540656	0.7438441710224726	0.028682738552186476	0.01902605124047998	-0.06165188414191727	0.06102661231832658
0.007632808931900215	0.9306019712261722	0.1369109863147206	0.01902605124047998	0.1727097099617698	0.06102661231832658
7.748977904883732
20	5
0.5156373332890838	-0.06152705612865143	0.20254436154480288	0.012223502132307176	-0.30976423137234693	0.11155173764454163
0.8705875129478342	0.39944752049735127	0.29741177022256265	0.012223502132307176	0	0.11155173764454163
3.84045922551775
20	6
-0.15301189227008882	0.16488018626498852	0.11764843728190252	0.013819404116766652	-0.0031092818665791003	0.059932378545849437
0.5341282217289541	0.20146850393275695	0.11764843728190252	0.013819404116766652	0.11473097656824967	0.059932378545849437
5.182273589874649
20	7
0.045499700618773634	0.037602762621144134	-0.0994187478085301	-0.12284832088575398	0.06472850065562727	0.10270832750216827
0.6575305740359165	0.16772465708996892	0.13090415553396006	0	0.12310231162935062	0.10270832750216827
5.000205568979262
20	8
-0.28496798074680685	0.5221219983149827	0.18104979319122008	0.16069160757592962	-0.038714530245169694	-0.14865644443606482
0.5767954392778383	0.7508039007155525	0.2822373139508639	0.16069160757592962	0.11596153897876041	0
29.602280371464843
20	9
-0.2795358407110582	0.12398073012339322	0.26079474106235173	-0.16746921706365264	-0.038881117391368084	0.12357245876132461
0.44127219098980897	0.4672760261293694	0.35100766631157104	0	0.12489021522818698	0.12357245876132461
6.46661494144467
20	10
1.6804124112047236	0.26724959232291234	0.19328074567778447	0.0307741342449932	-0.0519249607725658	0.018927940322955635
1.6804124112047236	0.6527599101949226	0.27006609138553983	0.0307741342449932	0.13468095251778098	0.04878332619413041
11.196179213715073
20	11
0.6977467765971773	0.6432013032417999	0.38778047306098623	0.03631393579274791	-0.4338584905911284	0.08556499057109634
0.958251220586188	0.7483683085850665	0.38778047306098623	0.03631393579274791	0	0.08556499057109634
5.304666028252168
20	12
0.21223578702591125	0.39534385786973925	0.2010659801566051	-0.016683344910358156	-0.03310617042819948	0.11222808736084978
0.6579234912715276	0.5791582456621893	0.2856340546438026	0	0.11443711591380014	0.11222808736084978
4.0384879516692775
20	13
0.28973248507892385	0.11678295045739498	0.13580563523352113	-0.0014215095657255893	-0.020275932141214204	0.021027966121978187
0.7676585595837391	0.26764630725777594	0.13580563523352113	0.005603863611807668	0.10778695494850882	0.021027966121978187
3.6868105117240733
20	14
-0.1467337487205952	0.32591118067252134	0.04558970102332177	-0.5466843814568152	-0.06216411284345624	-0.5816638735721491
0.5408021400508357	0.32591118067252134	0.1889769723380979	0	0.20632755049472246	0
52.79500175307376
20	15
-0.5341090629884564	0.34991737777096216	0.32088551017906947	0.08792121269529998	-0.30270348747668724	-0.44132887200832716
0.343130578454634	0.6317002748798517	0.32088551017906947	0.08792121269529998	0.01518593077664221	0
24.12424866704421
20	16
0.06924509988126362	0.1067424344977488	0.06867652799292293	-0.07625714531064284	0.0917440283557545	-0.13214019310199737
0.479993016950251	0.3368440135850134	0.15272313598456896	0.022482322215603673	0.17674368832967718	0
2.74227067907671
20	17
-0.0976447523569124	0.2074119244617769	-0.15177609108820514	0.03526332033173006	-0.3908549282065245	0.07931827138617364
0.570152474738415	0.4432060143052159	0.1756211109105362	0.03526332033173006	0	0.07931827138617364
8.97040285642828
20	18
-0.9462580693396376	-0.3041618303416352	0.10717027057643022	0.004797618754446151	-0.03353683754961247	0.11790660099767977
0.20131553731657315	0.340324386429317	0.219362420191159	0.00506661363537104	0.11070871762132757	0.11790660099767977
5.952032422905822
20	19
0.6391489085629849	1.3480507986999408	-0.045765360588710655	0.0025950094850897727	-0.003220722280875915	-0.043089045387861236
0.9979233521206177	1.4125355510844197	0.14248733021288035	0.0025950094850897727	0.12539471521731957	0.01017967739199848
7.165641434502655
20	20
-0.07672069213027728	-0.05938965616427209	0.046308975537127164	0.0005615004142764823	-0.007414995232992067	-0.004457706928620059
0.5788489290985773	0.40075284244652565	0.22660223731561974	0.0049404309620762425	0.12924494381083454	0.019874754472144453
2.733829652336674
20	21
0.3799587509462129	0.2654637114624708	0.4362067748645705	0.01276918011480285	0.09048448928555264	0.08220521005986167
0.7447648868630194	0.549609168928179	0.47641233442931286	0.013934654042303169	0.11916989914987898	0.08220521005986167
4.546516447864355
20	22
-0.31480757935820225	-0.2984955227398738	0.11406095732899574	-0.01809986885015737	0.4357855950435656	0.048878821517249725
0.5355972161757233	0.24490552455352355	0.11406095732899574	0.003829876540780843	0.4408414441933273	0.048878821517249725
4.727669501268038
20	23
0.4832070520829354	0.1548016736800263	0.13997988785459714	0.001988174740818966	-0.17077862820479003	0.07363544953577407
0.8288585975121197	0.42115825447719957	0.23885027081281313	0.004719215598904871	0.12966475081402676	0.07363544953577407
5.841394688700262
20	24
-0.4111047635023936	0.10345288093811342	0.11271555175893623	-0.0047168718249085305	0.10143604775679634	0.1357192619242732
0.41843467919325833	0.3811843188141004	0.21224115409455174	0.003818389735964209	0.18946139824709968	0.1357192619242732
13.356056239077098
