20	0
-1.714954543696933	-0.0018267248980673532	153.57668698058166	0.7656591139233726	0.17535715297928908	-2.118451344988821
12.698862631996871	10	2159.9437088082295	47.21829840490537	74.70627258342333	204.5865761212846
3654.4557820467244
20	1
-0.0019201375566897418	-0.004232488765842933	-5.453312479173165	2.993626774304608	-3.2257128946548193	-0.0130696314685957
13.845890320355032	10	2077.6227638113296	48.52083300556438	73.02290930051733	206.05393196808816
3547.521825342288
20	2
-0.9292098842833922	-0.002712525398692913	0.03917867308675467	-1.298489115853653	-14.25	0.0035016548824803404
13.47719234884067	10	2082.5880908828653	45.83184111031525	67.19505209688137	206.06408162020568
3704.235567424734
20	3
0.038709730610618456	0.002553243405410748	-362.81703730346214	0.06014927911097506	-2.6860741610916015	0.23111333876396367
13.868695573461375	10.00255324340541	1919.7061171131731	46.38166091480105	85.03640047402584	206.16997742986814
3375.2006603057052
20	4
-0.07717273300779012	0.0005377202854118877	447.0	-0.7892216029019234	-14.25	7.5
13.895235136437604	10.000537720285411	3000	46.22957504450078	63.10833609539822	216.98247200565274
3491.7959788567514
20	5
-0.19868741954246907	-0.0005361697947702142	447.0	-4.203945783766045	-14.25	0.02188111612995538
13.898434131297757	10	2191.711280477738	43.593211842812124	34.24493145623828	206.0777779707821
3469.407446587505
20	6
-0.004901751946325337	-0.0019950813426383904	-447.0	-1.0504970435993515	0.5429886522027123	-0.6532240863449904
13.84290775179865	10	1755.4785254896137	46.1882440579065	75.29122714214411	205.72381979903778
3629.9429190319343
20	7
-0.410469467707782	-0.0013200350037194345	-0.09229343422557773	0.8802582030488875	-0.507300606404359	-0.1114841042657065
13.566448622091237	10	2082.5615595008276	47.27465624133522	75.25989046750918	206.05366744554829
3409.8649468205954
20	8
0.08890540766212116	0.011738380511023872	72.02575081158858	-0.00943375251546242	0.14864735810691926	-1.012397746427843
13.900191401138375	10.011738380511025	2132.3552801608976	46.71010046035295	75.12586375179278	205.6831970385236
3257.6996768868066
20	9
0.0008520498923641514	-0.0005131247668930915	-11.658071113458362	0.16596513038473382	14.25	-0.8189073846508966
13.845861788816162	10	2074.4132327515194	46.67279457738538	94.17390163742854	205.51514776373403
3531.2683250698974
20	10
1.2793611226014814	-0.00028435258082052447	-0.760298868390912	-0.0798315680130417	9.427990793703854	0.4485716870170074
14.725666424708502	10.00012440604927	2081.4669448819427	46.66667799237576	64.9512011223694	206.1479845356447
3461.995934613658
20	11
0.8201214035421379	8.187496124265935e-05	-154.80930593777745	-0.9341066572422279	-0.5586343206244223	-0.40929974854875856
14.240591085582645	10.000081874961243	2075.6566418957177	45.98356278055523	74.8864695076207	205.7848579654922
3448.225229584805
20	12
-0.041526887895309623	0.0009288241443912423	447.0	-0.81461528468004	-0.024186736194722835	0.001254689686098484
13.84266694417488	10.000928824144392	2519.8970809356497	46.14203157832619	75.00872846360195	206.0627245077737
3389.4609849293247
20	13
-0.04630780322338837	-0.0008434741311297054	-0.4606304149647982	-0.024479830671920978	-0.04178799899111105	-0.5298860746794476
13.817848311574053	10.002607346826904	2083.2282100578022	46.71498461873787	75.00112944577252	205.77406470155313
3488.370564011225
20	14
-0.0865457417068575	-0.004959300426700388	1.436615933364248	-1.4760146840113686	-0.3786644294676768	1.2203786589371304
13.791874864156656	10	2082.9691962106913	46.027901207939315	75.16891351960766	206.91259902119776
3643.2372475997663
20	15
-0.025322049096337146	-0.0003400109572232881	-24.73315924864036	0.059824208977346804	5.265818138017702	-0.14806850568300803
13.845017554853483	10.001302125589772	2070.4140647757663	46.75115343696374	78.20932500623468	206.270908357961
3526.468297483829
20	16
-0.023654463795625608	0.001554392693408735	0.05696697948009177	-0.9374443474414046	-14.25	0.002596915012424912
13.832493204783638	10.001554392693409	2082.708422334281	46.669972295928986	50.93227328467387	206.0631177837293
3477.1355789632034
20	17
-0.006326097851675322	-0.000362610546502125	447.0	-0.08716238506669684	1.165626155344916	0.01038009209708576
13.84277313492071	10	2353.608813189332	46.668003788117026	75.82421263271904	206.06399150095197
3595.383684081601
20	18
3.458128741545354e-05	-0.00016566618453020608	1.041585941559479	0.004456121779610007	0.1729545814227671	-0.0004852745021934322
13.846868075951301	10	2083.155346913664	46.71684918162516	75.03413819098165	206.06272681225326
3187.208898221246
20	19
-0.008123415526776003	-0.000999705152306421	10.166869380392022	1.3904346224306938	0.08151443478876742	-0.16638212433655636
13.843095433719025	10	2094.5884229411854	47.619235327158776	74.98736178458539	205.95162243114453
3578.1031873681845
