2	0
3.8472	9.3432	447.0	1.9827109288688134	-2.9737454882224603	1.374
13.8472	19.3432	2119.834755659659	29.280078829568865	70.24658310965526	201.374
3654.4557820467244
2	1
-21.0	9.3432	311.57227515215465	4.024611073882988	14.25	-2.2500858344124746
10	19.3432	2314.1329130320946	16.223011073882986	100	200
3951.1782456775254
2	2
-6.8170058353088905	-12.70530826002822	447.0	8.319754504274266	-0.6703387403358568	-4.022659974376693
69.61823366670022	10	2725.9361730504006	20.518154504274264	43.2626349969844	200
3704.235567424734
2	3
-21.0	9.3432	329.64097839459197	12.0	-1.0096686378228708	-7.5
10	19.3432	1530.7439089925465	41.52879527588735	42.99274050901564	200
3716.6225594205844
2	4
-10.382480532562877	-24.460071538875518	-447.0	-0.1372391836378406	14.25	-0.8837739974761503
54.34336887970164	10	789.2503625749523	35.10455068005964	57.2409096396004	217.0945616714562
4130.320586644303
2	5
-20.37805839708902	-27.685003613903074	447.0	12.0	14.25	-7.5
10	10	2382.4973905362394	35.8947832437928	55.84351679112287	202.56203621435927
3686.159371556226
2	6
-21.0	9.3432	44.3035068611717	-0.12505821465405975	-7.405002142623526	-3.479329444120347
10	19.3432	1985.5601427392717	32.28385319041709	42.48511373438831	200
3750.5995281238506
2	7
-21.0	-27.327294914007002	447.0	12.0	6.295986482764102	1.374
10	10	2765.9676151709637	43.69181717643298	46.01175629702025	201.374
3704.829687459571
2	8
-21.0	9.3432	404.16331705274075	12.0	-14.25	-1.6894408098119522
10	19.3432	2036.8777830905115	26.619547313362997	13.735066640345806	200
3896.051622983948
2	9
-2.5732798754106696	-13.506690361660272	447.0	12.0	14.25	1.374
44.16155253805366	10	2746.098671174977	50.66272765995761	67.94234411883856	201.374
3850.316018422738
2	10
-21.0	-24.37156173293076	-447.0	12.0	14.25	1.374
10	10	1549.3446190396332	52.637173160009056	52.03824477434731	201.374
4082.5084931536603
2	11
-3.9567968131221383	-3.7564568328822574	-447.0	-7.0387217509211055	-0.40210242265038243	1.374
60.571775514610806	12.531889858126505	1772.4337138512233	23.827476982421032	42.6327581585118	201.374
3952.0281037513937
2	12
3.8472	-9.15120161275239	-80.74458267529235	12.0	-12.350914552015498	1.374
13.8472	10	2184.1845497878116	60.54983607392502	38.418144562069486	201.374
4004.6906673430008
2	13
3.8472	-12.337181604513864	447.0	3.303861941832749	-1.0375224160350782	1.374
13.8472	10	2969.1634498680564	13.30386194183275	22.7471392883773	201.374
3863.2767086151825
2	14
-8.047723910514215	9.3432	447.0	12.0	14.25	-7.5
57.96387485800272	19.3432	3000	33.49436491439623	29.127423374317704	200
4209.683009817477
2	15
-21.0	9.3432	-447.0	12.0	14.25	-1.9631173038815677
10	19.3432	1784.045016449259	35.45927596354785	100	200
3908.162700944763
2	16
3.8472	9.3432	-81.8904	1.7851495593994653	-0.18441595799942767	1.374
13.8472	19.3432	2192.416222184441	27.53970022885742	43.66673691998591	201.374
3647.1630455383797
2	17
-21.0	3.0636694859888687	447.0	12.0	-3.822675016688532	1.374
10	13.063669485988868	3000	42.892835717073154	42.55932058095077	201.374
3723.908591094836
2	18
-21.0	-29.51368837631524	-58.98557143629791	6.121516031357711	14.25	-2.0959928529215057
10	10	2135.23483464633	18.31991603135771	45.589615756943346	200
4038.979985773093
2	19
3.8472	9.3432	-447.0	12.0	-14.25	-2.2508458775372646
13.8472	19.3432	1643.3231279138092	51.05850177075709	45.072246420983724	200
4222.0111675025455
