29	0
19.72038712114709	-0.004438636476214822	0.7399008370207958
178.28033656264276	61.558397982744395	622.9220716962325
188.24800000000002
29	1
-0.0889223746627183	-0.30991474130062646	0.06115670769340692
165.11035321873698	61.34261307413066	612.8140391095117
132.67466666666667
29	2
-1.4080303565739591	-0.0024656292143184445	3.3044050013572845
166.25691697984576	61.56117164568653	624.690459089411
362.55199999999996
29	3
-0.022201944244708595	0.0035620700605666646	0.0005719695048241893
165.24950920947487	61.56275449296853	622.5319341235974
18047.991999999947
29	4
0.06487384731427537	0.00015088660571694305	145.85627455227686
165.181813518297	61.56271715982434	671.5357193591361
37158.394666666616
29	5
0.08741936178424724	0.023355548761558185	-0.0012524316413377698
165.17604687973665	61.57810093798754	622.5322753565162
132.67466666666667
29	6
-171.80473216745253	0.0014139069588732201	-0.12493848206857644
54.720918979899864	61.56174659875271	622.4594829074624
145.744
29	7
-0.0005625080674969694	2.193514526198708	2.7234318965844344
165.15192563113231	62.64496040221253	617.4213636818342
132.67466666666667
29	8
-0.04925895154388491	0.0020393418505542877	0.534285140119255
165.11757111394482	61.5633177114379	622.8746606262206
366.424
29	9
0.7880667400542176	-2.5649897491424692e-05	-39.84780673787662
165.5892185428138	61.562776595435366	599.2418504838407
13886.63733333331
29	10
20.49967966511545	9.000987572239161	-105.58160958610284
167.70467526257508	68.3456394144211	551.4970760776603
341.9013333333333
29	11
-0.0008798363547633041	0.6059554841356357	0.00019896468785166158
165.15195895951413	61.95732073623659	622.5316550129968
337.208
29	12
1.2127329112428789	-3.372818909844917e-05	-10.038558531292
164.12225508989212	61.56273380824748	616.0621214989404
262.776
29	13
-1.198636532709831	0.41082735241958634	0.09030437826265753
164.3302256646628	61.807137561134894	622.5808779276014
22532.055999999975
29	14
-6.01799350861537	0.26347065188699587	-0.0128882381994265
162.5632483745769	61.738897417912376	622.5228900183109
12959.22399999998
