27	0
6.819313400711112	0.26966823798360007	1.079463205306934	14.243412356736425
408.1173697623127	11.225925442559776	222.6308994541641	96.44102034206931
48256.92266666667
27	1
298.8943604045426	0.00267466129522211	-0.330739761545159	0.001984032317617197
544.0656186197698	11.103346396937056	220.93702836863267	90.14076297388095
65104.70133333332
27	2
-0.009492033316314295	-0.005327893231423271	-0.27570386105741057	0.033280525981575534
403.6091278070249	11.107756277322185	221.65805828902356	90.14442104375019
41426.75399999998
27	3
0.06064053666311339	0.03523188082846364	0.0001255685724531468	0.012812818175170302
403.6513915899801	11.096345501019007	221.778997326892	90.14060239062982
42200.35333333336
27	4
7.342058419782246	-1.5104788393668845e-06	0.22222515120837255	-0.008792830631530364
396.99689737007463	11.102707877490197	221.88376331145673	90.11669046959642
42465.39066666668
27	5
-8.872066716760742	-0.6967899405475817	-150.0	0.028337645726908948
397.98859013509923	10.904691462553378	6.241831797000316	90.14225947652007
57881.537333333355
27	6
0.0007755147522642807	-0.007000082258296094	0.3387407188468932	0.0002474965197385732
403.6145868498572	11.103038600795164	221.96606854306464	90.14943052570696
26177.483333333337
27	7
-0.0021766512656608613	-0.1332327125121557	-29.534989221872365	0.0005539766070486875
403.61281967312436	11.022772511638765	201.28672997724863	90.13898965585086
86853.06800000003
27	8
8.200259122361423	-0.909612735078702	-0.0014943507610373358	36.7043595269858
406.4273841103981	10.725584383932286	221.72564749061092	82.65462156578963
43593.28666666665
27	9
-7.646971190733171	-0.031757830005696486	-0.0889436670430402	-0.25935943406026857
414.442008331971	11.08165998788993	221.7621050788254	90.07420898047998
39563.18666666665
27	10
-30.6102720700459	0.00020063431857346342	-0.1419904496319787	0.011279055339203587
388.3676159522184	11.102430135097281	221.68606265080243	90.14420119608164
27182.372666666655
27	11
18.542630097939593	-5.2530497609350455	0.032511885409387126	-0.07324985582381582
415.31934610775517	7.608530247532677	221.78532925910125	90.09311940810221
45070.11933333335
27	12
-0.002409010026835804	0.07965369881364934	123.97956263239959	0.24424160943829637
403.61299248385933	11.124091889593334	305.82103801092876	90.85052482468232
46704.97133333336
27	13
-199.1379050942135	-0.0023218463945847835	0.0886605776022697	0.0011786580252708474
262.6388152658767	11.101093707758487	221.61170666424292	90.1394173864016
56234.19800000002
27	14
0.757566341159426	-2.5062984504052555	-0.11616578168228925	0.0011476597833186245
402.60532227311916	9.40478805427301	221.72282467311945	90.13946460231746
68851.16333333332
