18	0
-0.03073110987041577	6.230332590086279e-05	7.967222769667734e-07	1.118595408364797e-05	-2.4771802474702234e-06
0.38630506730909137	0.49994359039226016	30.0000005515	250	99.99999752281975
50.416
18	1
-0.0029436594053853637	0.012648579934425152	0.10772910888951916	0.0005163878340932788	0.00042574753842587466
0.39967621566903216	0.5057419005977734	30.059206619098163	250	99.99997116834865
50.416
18	2
2.1655981202801206e-06	6.071340529238735e-06	-0.21756276551466877	0.010685177195451147	0.0002612876284331057
0.39999906578028993	0.5000002104297733	29.85881472912237	250	99.99937892497674
50.416
18	3
0.0037773626896561914	-0.01811583625247988	-3.3388040743836926	-0.00018970552495691103	1.5006758650293297e-06
0.4000615500603887	0.48961752777369166	28.560900014242705	249.99981029447505	100
50.416
18	4
0.0005351463475990366	-0.00044385262720017505	6.374151401698515	-0.0003755251336588718	-0.0012474543019742725
0.40062320036041066	0.4997785867519775	34.36374982451124	249.99962447486635	99.99875254569803
50.416
18	5
0.002961260565069298	0.0016356119408157841	0.10062320319061674	-0.0008000801008837172	0.00035170877176292966
0.39973174405925216	0.4990555104652834	30.060161923850824	249.99919991989913	99.99921877078886
50.416
18	6
-0.15	-6.935826052819685e-07	2.573021558491509	0.0002566974392584854	-2.1546449867328045e-05
0	0.4999998064033258	31.365654311266635	249.99979519966138	99.99988924559074
50.416
18	7
0.002855107779048899	-0.0009698151808124653	-0.22945028374166931	0.0008552608269856268	0.005987337394033833
0.40182378638049554	0.5002540556906331	30.021168496022657	250	100
50.416
18	8
0.15	0.0003076709295906524	0.6518767750248258	-0.000362428561684251	8.096486660949409e-06
0.49903046180237454	0.4998220852264431	30.194728088131455	249.9996375714383	100
50.416
18	9
1.2090219218713175e-05	-0.0013104312538654058	0.06511019097299026	6.338163268749778e-05	-0.0006803439778475406
0.4000173044735384	0.49909141351020403	30.009296607950898	249.9999880726802	99.99931965602215
50.416
18	10
0.00041960523826412423	0.0011126515883601155	0.23055805060109416	0.006039963653391513	0.00027363484209664337
0.4002655404248726	0.500027374547242	30.059071503300334	250	100
50.416
18	11
-0.15	-0.10777187176810507	0.046082246273663724	-0.002234494051245365	-0.0017559180286237297
0.17520123804657406	0.426536143407392	30.0278006874696	249.99776550594876	99.99824408197138
50.416
18	12
-0.004326577643881849	0.024493696557864562	0.004482571252941965	-0.0003944815715787307	0.00028489779029914876
0.3970363901424294	0.5023704944044916	30.00252306960673	249.9996055184284	100
50.416
18	13
-0.0003273377870211729	2.6785212367880072e-05	0.00359806538887743	-4.9783593527781564e-05	-0.00035210869808814194
0.39919951489377464	0.49995353733546316	30.00188869813468	249.99995021640646	99.99964789130192
50.416
18	14
0.03703210458357864	-0.0001347690040307956	-0.06728893269361173	0.0014374045207185366	0.004533911495867785
0.4242324397410748	0.5004537950404773	29.970694957301454	250	100
50.416
