24	0
-1.0315070844689307	0.14238662080848252	-63.12046206686715	0.3263091421923271	0.022611921162061784	-0.28405468892458885
148.75123253936223	10.142386620808482	431.14701967181895	68.72064110292766	80.17375497179519	244.86923879752294
1186.6730846678693
24	1
0.00020134975932795755	-0.12693584152734752	-3.0339583076777723	0.7546140118495401	0.001357553568090392	-0.0421752463311146
149.37184091226322	10.203558359172527	448.3740197025635	68.80129878616705	80.15894234877506	244.88712666935155
1163.130938466126
24	2
2.1131041425894437	-0.7282141751825391	130.5961888457034	2.2688979713737627	-0.2270064535529701	-0.025447814806465508
150	10	477.44662377826944	66.75878764963427	80.0196263437228	244.89040768395424
1195.7942024965828
24	3
0.044490297967196585	0.2981555613831498	3.646903763835192	-0.36707019378504635	0.0206511024234965	-0.41317218356487917
149.3997246763168	10.29815556138315	450.1523424380167	68.33805855932069	80.14897766885248	244.73418784329755
1190.4002453439227
24	4
-0.034002595995886294	0.952454773429588	176.4640512316048	-0.14706791484792803	0.27762781510227325	0.22655202506639657
149.3385383614295	10.952454773429588	559.114805123209	68.72074104301933	80.34502800584949	244.89901770133122
1304.9604223000256
