29	0
0.0	-0.0011135895805919169	-0.0984382028216671	0.5435973467223568	0.0003301702580779008	0.0
0.0	56.445436679960686	56.70056221260474	37.523452903797235	0.0003301702580779008	0.0
27.047593254656043
29	1
0.0	-0.0007444278048225801	-0.03259611020207925	-0.03090757346171688	-5.8488539570923884e-05	0.0
0.0	56.445436679960686	56.723152364463495	37.605053295499076	0.00014752436332039206	0.0
38.91402491638996
29	2
0.0	-0.001828274709577175	-0.03398639489714524	21.0	-1.9990262598096903e-05	0.0
0.0	56.445436679960686	56.76064534982172	48.77602709693873	3.351138054440239e-05	0.0
33.44350268833451
29	3
0.0	-1.5764998726632008e-05	-0.0432295860861685	0.3095235076420867	6.990970292353485e-05	0.0
0.0	56.445436679960686	56.70665538284538	37.28025020723491	0.00012367255034249393	0.0
29.89149393314296
29	4
0.0	5.078912269332067e-05	-0.03351880935814418	-3.6676249870584314	-5.574700514767558e-07	0.0
0.0	56.44548746908338	56.72736767916815	36.08332198340484	0	0.0
35.60707624446235
29	5
0.0	-0.0012171934054797332	0.0011053768218837732	-21.0	-0.00018863377325771823	0.0
0.0	56.44829686596071	56.731070851830644	21.923760444219035	0	0.0
28.165651333059508
29	6
0.0	3.887397136172154e-05	-0.004785718982580154	-2.5296942932039133	7.611459456558338e-06	0.0
0.0	56.44547555393205	56.725693446503946	36.66337067156099	7.611459456558338e-06	0.0
39.34112620366315
29	7
0.0	-0.00040787767611481774	-1.656034232286224	-0.00038571476409987246	0.0003214951804016226	0.0
0.0	56.44613975468489	56.445436679960686	37.238759710897575	0.0003214951804016226	0.0
30.85607322133789
29	8
0.0	-0.0005136567340908868	0.16906074090132497	-0.05155330471601608	2.411339142121043e-06	0.0
0.0	56.445436679960686	56.85281903276414	37.21553915283708	2.411339142121043e-06	0.0
24.269367149753258
29	9
0.0	-0.00024330550737109878	-1.215694245967509	-13.904311064151253	0.00015029048696239334	0.0
0.0	56.445467587012445	56.445436679960686	38.17629988064093	0.00018410439683177744	0.0
19.27537529012217
29	10
0.0	-0.00046491181950680306	0.3185670836620356	-6.350010146969106	-0.000531621545636193	0.0
0.0	56.445436679960686	56.79321496660068	33.4370871133839	0	0.0
32.31624695540229
29	11
0.0	0.003246165621523612	0.09709934227463635	0.10338153383675135	-0.0010164109674500696	0.0
0.0	56.44868284558221	56.768339578602685	37.539097788509345	0.00042530613897007706	0.0
23.56671245825747
29	12
0.0	-3.647136393898541e-05	-0.02842229975225215	-0.1880117239586232	8.885807138907257e-05	0.0
0.0	56.445436679960686	56.720447784293164	37.133413168390874	8.885807138907257e-05	0.0
23.503679263251065
29	13
0.0	0.0001915779519766203	0.1676529412248919	0.20630384324763107	0.00029097789606020156	0.0
0.0	56.44562825791266	56.8500675174566	37.356090015340186	0.00029097789606020156	0.0
31.79211521265049
29	14
0.0	-2.6305779140582618e-05	-0.0002510916271625215	-0.14715613756725066	-0.000439216671026886	0.0
0.0	56.445436679960686	56.73110076254311	37.175862414365554	0.0006668271025194331	0.0
25.940597768625928
