12	0
0.0	1.6613125278732075	-0.15967939731545439	0.2086883323489465	-0.10316865728848015	0.0
10.0	95.73704032780769	120.42484736209947	74.52215221793604	1.804647463916989	0.0
7.2161368459167265
12	1
0.0	-1.5126138639440154	-12.62713631454246	13.5	2.725359229820632	0.0
10.0	104.9930041307279	112.82472589104994	82.70132224039234	3.3705450108204538	0.0
8.619738974346703
12	2
0.0	0.6293487225432336	60.692011645119905	0.22867566488762292	1.3549293438210679	0.0
10.0	96.08953818498033	162.0535741742277	73.8461375233165	2.220229571955884	0.0
8.316404811293548
12	3
0.0	-1.4439144767653347	-5.992689317894872	13.5	3.3385845280159137	0.0
10.0	94.07572779993448	119.4665483721171	87.1078923679358	3.7710118113262077	0.0
7.733253419548823
12	4
0.0	-14.521344404861496	-19.25281888309485	13.5	-4.270413079055325	0.0
10.0	94.20330723581505	120.71435320087872	81.59205038226641	0	0.0
8.23172686591151
12	5
0.0	2.5288824905770326	6.826332075927253	-13.5	5.971774622927388	0.0
10.0	96.60461029051152	120.67429977386237	35.08970418121997	5.971774622927388	0.0
10.790256172940719
12	6
0.0	-13.651294071356965	2.7496818438228305	13.5	3.3145109177562615	0.0
10.0	94.07572779993448	122.4687307368929	81.8559396754932	3.7949657764811078	0.0
7.954874808248293
12	7
0.0	-0.8780695512052967	-44.27693651666718	13.5	2.4480374392183393	0.0
10.0	94.25582275770661	94.07572779993448	59.83071791915531	2.4480374392183393	0.0
8.23172686591151
12	8
0.0	-2.7401995825949297	1.3192883242383577	13.5	3.0684999431520708	0.0
10.0	96.89322183963891	121.29420957557234	82.30447458604549	3.7024929002408644	0.0
7.437758234616196
12	9
0.0	2.310660681090833	36.84869377529011	8.655704717754137	1.2719022241851679	0.0
10.0	96.38638848102532	139.41110830229238	76.81612298139338	2.492949962023005	0.0
7.733253419548823
