1	0
-0.05577591544580768	0.15	0.010287040134922673	0.06076467861329299	0.12464602457848274
0.5124364027671686	0.6254420580624342	29.95560445524813	250	100
50.416
1	1
0.15	0.15	10.032097381731496	36.0	-2.4732
1	0.4323683084779112	36.88448743995904	248.8434417341708	97.5268
100.416
1	2
-0.062454744478461804	0.05843334844858594	12.0	-6.5952	-2.4732
0.393655592318631	0.43732770555104494	49.388101809160595	243.4048	97.5268
100.416
1	3
0.14842115825397448	-0.15	-6.969306967915905	36.0	0.07828322369927807
0.2814345466459065	0.32438671983265227	51.110185773391265	250	100
100.416
1	4
0.0674481168753072	0.06706202283020188	0.9452422066975884	-6.5952	12.735162124868301
0.4292246604442191	0.4587005178272303	37.191067408230985	243.4048	100
210.928
1	5
0.15	-0.15	0.7806054574952304	36.0	-2.4732
0.6995404675341452	0.025010677664450753	30.354002086712352	250	97.5268
100.416
1	6
0.13464005056708808	-0.11216821841384034	12.0	-6.5952	-2.4732
0.25545888437811465	0.5097293395958387	33.837326776315415	243.4048	97.5268
238.11200000000002
1	7
0.13401364128116972	-0.03247775714014281	-12.0	-6.5952	-2.4732
0.42844948140514827	0.5094194675006588	23.35872245379611	243.4048	97.5268
100.416
1	8
-0.15	0.15	12.0	-0.11904984621286419	-2.4732
0	0.7398458820873868	22.44986095486792	248.74891021663692	97.5268
100.416
1	9
0.15	0.15	12.0	36.0	-2.4732
0.38924982160241883	0.6185099611090646	74.68797185604056	250	97.5268
100.416
1	10
0.029123446635859807	-0.05967074461649248	-12.0	36.0	-2.4732
0.4103490752189531	0.9403292553835075	10	250	97.5268
100.416
1	11
-0.15	-0.13944190478561605	-12.0	36.0	13.5
0.39896589361375767	0.4467209040937079	10	225.8770197015049	100
100.416
1	12
0.03596845997780592	-0.15	8.974018258253105	-6.5952	-2.4732
0.17611951431492054	0.31007952663231786	32.642399923500314	243.4048	97.5268
50.416
1	13
0.04215616392502733	0.15	1.9052492087987272	36.0	-2.4732
0.20172820831424845	1	30.883744716610252	250	97.5268
136.38400000000001
1	14
0.05764895154771204	0.15	-12.0	-6.5952	-2.4732
0.21161680411957862	0.5969997713402387	10	243.4048	97.5268
93.904
