17	0
-0.00816445787004429	0.0001966320336111262	-5.495284442512683e-07	-3.3424908785900155e-06	1.352172624164969e-05
0.41703617717950714	0.4998812870663593	29.999999754777726	249.99999665750912	100
50.416
17	1
0.003958594881367138	-0.01756188372784506	-0.09946543455735998	-0.0003170708447871775	0.000119071085452954
0.40261987507441754	0.4930933206633482	29.951477510208644	249.9996829291552	99.99954542081022
50.416
17	2
2.1185839002464693e-05	3.0641662623315314e-05	0.11648742798377545	-0.003174686801947097	-0.0008823626516986318
0.39999690018216966	0.49999413908924406	30.076377494637036	249.99682531319806	99.9991176373483
50.416
17	3
-0.006406560590882131	0.013198730921972998	3.2665673764839562	0.0010355105074067196	-7.20274633976312e-07
0.3962841873707325	0.5077333640261715	31.899704088626397	250	99.99999927972537
50.416
17	4
-0.003980136732609306	0.0011970460316766507	-2.8380373926796794	0.00204980968154406	0.006809248373222011
0.4000880540128116	0.5002224393791777	27.989598422812726	250	100
50.416
17	5
-0.004561664412261319	-0.0038249956101452263	0.040407250294587194	0.004367249458972255	-0.0005573137881369741
0.39677048349418287	0.4974198985244676	29.95953872066021	250	99.9988670620171
50.416
17	6
0.15	7.025414922045428e-07	-1.839968745798425	-0.00043247986415766355	0.00023810917339845666
0.6811980765457644	0.5000004999859311	28.792632752775127	249.99953850222212	99.99991079204061
50.416
17	7
-0.0025854119063613676	0.0012556891383387523	0.34999240847472385	-0.00046302790117715484	-0.001797492698934791
0.39896867860144664	0.5012238708714456	30.250618779764327	249.9995369720988	99.99820250730106
50.416
17	8
-0.00018728521087979164	0.00024605063837397504	-0.7163523500752593	0.0019783218432546453	2.131601219427281e-06
0.3432256816790702	0.49951441429685245	29.54285131310663	250	99.99999732346438
50.416
17	9
-0.00010862991118736867	0.0005178690897781513	-0.10305315845562008	-7.53089524898607e-05	0.003713668001351204
0.4000052142543197	0.5004018447640695	29.944186416977907	249.9999246910475	100
50.416
17	10
-0.00035453180557321333	-0.0018520690601421409	-1.1181533987887475	-0.003671417850233323	-0.00015654357172540485
0.3998459351866085	0.49891472295888184	29.82851345269924	249.99632858214977	99.99984345642828
50.416
17	11
0.15	0.11601305927374497	-0.02280435725962065	0.012197019930378628	0.009584705396417738
0.5047627887434547	0.5343080151754971	29.981718441195937	250	100
50.416
17	12
0.002106806715587279	-0.05249673229183546	-0.0029956341415127447	0.002153283687656827	-0.00016401093572615942
0.40136296778631125	0.47787679784662696	29.998040498353788	250	99.99983598906428
50.416
17	13
0.001876668405311277	0.0010137439566167243	-0.004406870446527661	0.0002717445061560129	0.0019219907100881109
0.3995268526807958	0.4999267521230953	29.998290632745803	250	100
50.416
17	14
-0.019295347097996907	-0.0004163488074436433	0.1077944335749675	-0.0013695392839734315	-0.000996685215393599
0.38720033515749613	0.500588564044508	30.037983889995065	249.99863046071602	99.99849021473517
50.416
