1	0
-21.0	-51.0	-400.09854653054214	-12.0	14.25	-7.5
10	10	1545.5162296281258	27.297367900700053	73.22032859787772	200
18401.36130621632
1	1
-12.134449402398978	-51.0	447.0	2.1984	-14.25	1.374
101.21912738055047	10	2002.5606378799398	12.1984	5	201.374
8398.207036353064
1	2
3.8472	9.3432	-81.8904	2.1984	2.6106	1.374
76.43523950200911	19.3432	1626.3797032257232	12.1984	43.93297373732026	201.374
3704.235567424734
1	3
-9.914931243208308	-51.0	-447.0	-0.09600516562867867	3.3796926836500143	-7.5
79.54716795726233	10	1201.1029305979546	13.74885140993337	44.00240914683851	210.86358162900217
82687.6062967038
1	4
-21.0	2.0448847042790605	447.0	-12.0	0.5490709839486609	-7.5
64.72584941226452	19.85996050204665	3000	35.24178986369748	34.275940680048876	217.97833566893235
4306.052434398525
1	5
-21.0	9.3432	-447.0	2.1984	14.25	-7.5
25.49147545698257	19.3432	954.6629092370717	12.1984	23.75721704307304	222.2775831399663
3811.8068076032205
1	6
-17.228341962592026	-51.0	447.0	-10.781684148865661	14.25	1.374
68.68802546735776	10	1941.2566358781	32.40891140507115	49.89011587701183	201.374
13731.74905454136
1	7
21.0	9.3432	447.0	2.1984	14.25	-7.5
97.18265346848133	19.3432	1732.7181879092607	12.1984	39.71576981425615	200
3704.829687459571
1	8
5.307902512997849	-51.0	404.70650301556526	-12.0	14.25	1.374
76.87005567901579	10	1632.7144660377708	10	61.21406756170485	201.374
46215.09460431262
1	9
-2.1347805555448214	9.3432	-447.0	-12.0	14.25	-7.5
46.73483241346433	19.3432	1654.5073843490704	10	25.719062318293865	200
3850.316018422738
1	10
-21.0	9.3432	447.0	1.2892860700419786	14.25	-7.5
28.26613907314922	19.3432	3000	11.289286070041978	37.35173769913606	200
4104.035847680931
1	11
9.596095962714564	-51.0	447.0	-4.401479757843284	14.25	-7.5
64.52857232773295	16.288346691008762	3000	30.866198733342138	43.03486058116218	200
8632.020929021293
1	12
-21.0	1.0357343221713666	447.0	-12.0	14.25	-7.5
10	17.310974428506412	2264.929132463104	10	50.76905911408498	200
4323.8887405267
1	13
-21.0	9.3432	-244.42297900143657	-12.0	14.25	-7.5
10	19.3432	1788.0968680140268	10	23.78466170441238	200
3863.2767086151825
1	14
-21.0	-51.0	-226.15023403879005	-12.0	8.685258343574343	-5.450375025172656
66.01159876851693	10	1551.445513131496	11.505453698628447	13.685258343574343	244.54962497482734
17661.994897369903
1	15
-21.0	-51.0	447.0	-12.0	3.355178433659538	1.374
42.88759519015882	10	2577.333979816329	10	8.355178433659539	201.374
73593.62993676047
1	16
-21.0	-51.0	447.0	-9.744266153927212	1.0066373253243868	-7.5
10	10	2274.306622184441	25.754550669457956	43.851152877985335	200
7304.978388478129
1	17
-21.0	-16.723086713913037	316.181035043564	-9.252931280458984	14.25	-7.5
61.78304289118461	10	1382.501704234933	10	46.3819955976393	200
3723.908591094836
1	18
-21.0	9.3432	447.0	2.1984	2.679041149781255	1.292937588829286
96.92221754230586	19.3432	2194.220406082628	12.1984	27.398396964175774	201.43944792159303
4038.979985773093
1	19
-21.0	-51.0	447.0	-12.0	14.25	1.374
10	10	3000	10	67.43745321046003	201.374
11154.898065858004
