34	0
0.01819624805700159	-0.028598951026074286	-0.4673667186435457	0.011357780121085776	-0.013493757706362195	0.0019973297532192803
0.6690297761665933	0.4317729711195832	0	0.012845393425142425	0.008240606989626113	0.0071296396754869954
1.769289898806475
34	1
0.004174177893706812	0.1916660117468996	-0.028324098152526664	0.013043807819393552	0.018320577425890643	-0.006817448583312775
0.6606318148500451	0.5753564912972794	0.16014247592349945	0.014390916823413886	0.018320577425890643	0.018727096089074677
1.1656409921978819
34	2
0.003421527397393384	-0.03481424798224495	0.010885321176828121	0.008034637957049397	-0.12153201727994185	-0.0014256917385724569
0.6624963338462192	0.41455225088690695	0.17346976647111106	0.010392218970650834	0	0.0003598623677948348
0.7511852876524173
34	3
-0.0002158841281919891	-0.8306886563623517	-0.08062548813148727	0.0040723978377552395	-0.06051590708723811	-0.014850104677192662
0.6613393423167547	0	0.13230270484670098	0.007639340239266684	0	0
2.406624158853805
34	4
-0.07560219386826145	-3.139928494348233	0.00035765671387985847	0.016196960374495174	-0.02438486821029345	-0.005432674059455058
0.6022219331789944	0	0.1746647471130415	0.016196960374495174	0.00158757577832919	0.01773556300422975
7.748977904883732
34	5
-0.0008855411435093021	-0.10029937205690397	-0.027971924775516018	0.007871005472707195	-0.09038244352476688	0.008168095768438749
0.6615102173905417	0.3720111789301802	0.17239543546373948	0.009308898450397793	0	0.008168095768438749
0.8703615772959686
34	6
-0.18591544108250502	1.108310434830794	-0.003996682136780576	0.0075245334647704885	-0.0923966987957073	0.0021666855041716808
0.5450537635776133	1.108310434830794	0.1724139800880973	0.009207789145268416	0	0.002985697525098567
3.9127290201123746
34	7
0.15588271229733844	-0.00393859976108056	-0.996699072390739	0.0005019880574577537	0.005384289103979339	-0.05051928592417781
0.717437221825082	0.43449932643651207	0	0.0014594653647467353	0.006501485567835779	0
1.999792612281211
34	8
-0.0015840599431925012	-0.05275060995413709	0.02228389695783257	-0.0008541246815156639	-0.006514928835010595	-0.09738011465366064
0.6602736957157993	0.42532391587898866	0.18877107289409026	0.004097498957865641	0.02734475914842373	0
1.4241991713394158
34	9
0.04636890726517183	0.014934647530407316	0.001491057661342003	0.01382235210573221	0.016980328874264018	0.004579586827759657
0.694771514705448	0.4453965893695844	0.17485495981893961	0.01382235210573221	0.016980328874264018	0.004579586827759657
0.7327710479567855
34	10
0.2180017578727528	-0.07220310550662788	0.04539978314069494	-0.0022246664400734067	-0.015143182312490304	-0.0016261737289655614
0.6451254401650642	0.41508060077405234	0.19681064474891563	0.004362532482197801	0.030152777277145576	0.006246856406956778
4.898626267301579
34	11
-0.0002133913691866621	-0.09218196000530988	0.007940679086456678	0.0038421101592436484	-0.06928487537810823	0.006337120612897877
0.6620858559402677	0.39212828311100195	0.17992215107531082	0.00522524001069199	0	0.006337120612897877
1.0560356211414923
34	12
0.007871109488629529	-0.0006934921152890655	-0.0023193866096763226	0.001343112200887687	-0.044769963221988826	-0.011347199679047444
0.6674445284965586	0.436726418319236	0.17335723317605636	0.002731717877923804	0	0
0.7341884957056498
34	13
0.18853128526386204	-0.007332188188729511	-0.0005654935848744074	0.008577145600163637	-0.023150863474963722	-0.02307481856101168
0.7623820014196867	0.4340156833640536	0.17447085915303523	0.009080221492171973	0.057128239137867014	0
1.8740968614113473
34	14
-0.007699313876282773	-0.008694469570737474	0.0007943737123876735	-0.0010924707834730361	-0.08219066476202208	0.005833806666976191
0.6588466748281202	0.43704151777849976	0.17972174884333209	0.004871510221271374	0	0.005833806666976191
0.9292494844310887
34	15
0.000660192413872723	-0.001086508074670603	-2.5632668139554602e-06	0.0016923160475724088	-0.19570912442702834	-0.01049159641150588
0.650712581769708	0.43616441559315744	0.1765781091783256	0.00323171996628354	0	0.0027620519977609725
1.0865811652998665
34	16
0.6130833691792253	0.00486064365152187	-0.0015049428808413753	0.015042406560867111	-0.10807795308213548	-0.022127748965998482
1.094042266091846	0.4300873588310261	0.17427146622159856	0.0156439535959178	0	0
0.8764542781228087
34	17
0.2442593155526136	-0.19826354070739446	0.00905907979729519	0.0051762121314628245	-0.07492920070787469	-0.04248885946342865
0.7433886789685558	0.33836347625026086	0.17979067476029342	0.0051762121314628245	0	0
2.5045591080075438
34	18
-0.0013492960948527245	0.0006585873069956925	0.0002649863225241147	-7.015850019753008e-05	0.005789504111352514	0.0051993696362940475
0.6615116920991451	0.43656033595761345	0.17494825220333124	0.005893863915163347	0.007294431658714784	0.0051993696362940475
0.6535811423709826
34	19
0.032645603371339385	-0.008559307642127815	-0.0022606896070493775	0.006713789607177879	-0.016727580582201963	-0.01198087888808472
0.682112242526565	0.4345571550180466	0.17339227799038953	0.010105857751965321	0	0
0.764639238139721
34	20
0.08472554585590883	0.04737432481177827	-0.25871804376107554	-0.0033463164131004915	-0.014896271005585684	-0.007576265646496782
0.698041718823254	0.4266435769687602	0	0.0038425229901732708	0	0
1.5662422701759653
34	21
0.017379404037752667	-0.00013724166113343478	0.04487192052867242	0.003862488468187141	-0.06314021124361738	-0.007513109990621724
0.6716220746506346	0.4370627389550716	0.17569365860460293	0.006569860985474148	0	0.01627020697377771
0.7771796120048536
34	22
-0.5209206938519808	-0.0015044858531543825	-0.0012440751123649972	-0.0007093881294151587	-0.06525444089795346	-0.013867544998547757
0.482556491599641	0.4354617741843067	0.17459497944242802	0.00394938996570942	0	0
4.727669501268038
34	23
0.07620586319424805	0.01816218892902502	-0.0024613538655872307	0.0119344261305371	-0.09715184371779068	0.012840021316630286
0.6142466366155332	0.4472832006875085	0.17568964606787127	0.0119344261305371	0	0.012840021316630286
1.0541818832808565
34	24
-0.021147036837775746	0.026879598895603603	-0.14436446764102792	0.0042913190448123865	-0.0770729299706587	-0.08585682230607723
0.6568503044894332	0.42146014523493575	0.10301255878441387	0.006334404093948472	0	0
1.7061955824647759
