11	0
-1.41362601425701	-0.27644123495838785	15.544924772233463	-0.1264772602981317	-4.732418186664446	1.7886088824387938
16.16765142461567	10	2055.0464168017784	46.37623253759866	94.2442986295241	207.14425692631505
3654.4557820467244
11	1
0.1551584799085357	-0.50226533875579	447.0	12.0	0.05980696144994535	0.03860015208220445
13.929818365883884	10	3000	63.86430383422645	84.74344504255879	206.09937393627405
3547.521825342288
11	2
-2.1148322224131717	0.06992106256687383	47.748061380277775	3.6622317579500714	3.9132275103256533	-0.0713355258643519
14.360596076781432	10.069921062566873	2082.032411198889	48.413484639241474	75.05906341244795	206.06737481358883
3704.235567424734
11	3
0.3666054031199715	0.19814053685853975	447.0	-0.7328426526016389	-2.998585683126014	0.810207494236928
13.859139288712335	10.19814053685854	2403.1930817697444	45.949196590872845	83.21712946242788	206.53312366330735
3375.2006603057052
11	4
2.054275997051868	0.03981492290550538	-110.40696783210001	0.8971353337202967	14.25	7.5
15.082674830047278	10.039814922905505	2006.8913357262447	47.0601615365216	94.93993446840783	218.83315203160436
3491.7959788567514
11	5
9.676212946523925	0.018931043724860815	-21.800925593820196	3.0495453401707615	-3.3779002969850325	2.686736456436966
19.676212946523925	10.01893104372486	2035.2253960755036	48.33857880314766	84.01562593746154	207.12554993689085
3612.639712933885
11	6
1.5554252576149188	0.04421168992684938	2.7255735088213813	0.7895443880826938	-0.7109548456593353	-1.951718324840083
14.871596362757028	10.044211689926849	2059.9192646777155	46.9544385932009	84.29203094257966	207.35352125440306
3636.220489568163
11	7
0.5310851285255129	-0.11513993804945319	-60.19065848494897	-11.2695705109701	-4.711138903848699	6.896149136230857
13.967339373661542	10	2018.0990455563024	44.268478791580044	83.23321284745654	206.89614913623086
3704.829687459571
11	8
2.297259980490138	0.27889077572087606	5.435247300599763	0.3620146954863449	-0.021180923514732924	-1.6513795912253701
12.297259980490137	10.278890775720877	2051.1100939139355	46.631240187303156	84.71684880395362	212.21453842263986
3257.6996768868066
11	9
0.3182568788106693	0.007777306860622037	-447.0	12.0	-0.04488943544410712	0.7297190232960981
14.05087967256179	10.044674311620893	1186.762729716072	51.24803534622037	84.75356238856118	206.31455701283622
3531.2683250698974
11	10
-0.5103913153986093	-0.1429983976797674	-167.23155590589312	0.7550020560517372	3.201068441927182	-0.4707570107314917
13.632957411844618	10.013927444496437	2282.5695520026397	46.94487017560486	86.23583504384372	205.9782292309864
3620.387186679561
11	11
10.972932031944662	-0.07795158996354866	-295.3377820360412	12.0	-8.879291122890631	-2.0024166458754555
20.972932031944662	10	1913.1976169931131	60.62897803567421	79.60714444895714	204.98013814096447
3582.88399084943
11	12
-0.5167603679367451	-0.06921763524189173	447.0	6.190792854464242	-3.124242997605889	-0.013161383214806624
13.596487618826	10.071989022135936	2519.0306055000165	50.72088212666144	90.00041383475605	206.06144579670053
3389.4609849293247
11	13
-0.49715685899359385	-0.1567233289075277	29.799233585436284	12.0	0.021568005413185952	-0.5130969692325947
13.551299277836982	10	2053.896595686143	59.214416828615924	84.74759227863471	205.78773369136564
3585.9809097019006
11	14
-2.7795510179651557	-0.27247349288712663	1.7751498544094961	12.0	2.0297182785797045	-0.6237035106632226
12.222945057144802	10	2049.587286182654	58.176612750031744	85.22481995772564	205.78328340866648
3643.2372475997663
11	15
12.077450716295969	-0.6104811882498344	-43.38867657499989	-0.05690022488519028	-0.2543275320505531	0.09632323209632712
22.07745071629597	10	2024.4432551000568	47.2018100258744	84.35982170249001	206.1394829947682
3716.2187969817824
11	16
0.19052991954169046	-0.682209453860288	-387.51710567005813	12.0	14.25	0.03346010655333867
13.773276342586678	10	1866.6437889253432	80.38379273042109	87.5601147596572	206.10095264195104
3551.0512513815593
11	17
0.0099678062479194	-0.027432782326328092	89.27117147698516	-2.2680788222971193	1.500128203238726	-0.46869527753058904
13.847882145755703	10.02195896484183	2107.489328178462	44.935037723530705	84.68924093773616	205.8446215070912
3664.8759986919445
11	18
0.020989454988917907	-0.0640770852621833	37.210662238567124	-3.7689582891631632	-1.3700031687987784	-0.07841319992153861
13.858438447875374	10.003268426527361	2074.1108011711954	48.423651203496775	82.02039864170175	206.048126103672
3447.1396987047183
11	19
-0.04758302656458166	-0.319986020216494	-98.40273941210971	-0.19708696146604637	14.25	0.09305649193978338
13.637538592859617	10	1994.1754524863143	46.59900098868591	76.87969065780246	206.09210574884736
3578.1031873681845
