21	0
0.8740914613349233	-0.9417090060327054	-44.61639741838013	-15.179672447471258
404.17722064721005	12.008939402392102	196.3977026288233	80.01761346744682
41648.99
21	1
-74.4501776355975	-0.042346177084998604	6.38009908785768	0.0025948291975090034
378.6259074592616	11.12528396041596	224.84686397671686	90.14061595423622
59970.88666666666
21	2
1.8764747871122656	-0.05098502453799497	-1.7041565472619047	-0.41002362888197064
402.6873299200716	11.067111153261356	221.2288938661588	89.86273171188719
38587.14466666667
21	3
-6.227796250579265	0.8587220793708853	0.0027520319025767766	-0.4360603185886083
399.8433659683548	11.600081144386614	221.77954043710395	90.12272751075683
39081.07066666669
21	4
-450.0	-4.28102854465193e-05	0.4872248474013811	0.008802286212662103
0	11.102694075272838	221.7461647023712	90.01054158135335
38068.47466666667
21	5
-15.217847168619437	-1.174682829266732	-32.08576805326803	-0.02431142987445983
394.0005631583881	10.334415896725853	471.55557622166845	90.13614212101666
44035.44466666668
21	6
-0.02743785453253045	-0.07092969307450506	0.33599930040490156	0.014321972219665333
403.6214202277959	11.084933016908675	221.64814261548275	90.14586687661699
22974.443333333336
21	7
0.002649216474434245	0.34961963612126323	150.0	-0.006054939268204721
403.61628999537135	10.920249055222625	640.8495137450249	90.13835582042299
72118.12266666669
21	8
16.866658568931108	-14.053600912052811	0.5983355514144495	35.034285733426685
369.9638498247214	1.2883270111878602	222.22590003737017	111.34478629563633
37875.457333333325
21	9
-28.342496012895595	0.013536247134379967	5.89457197001371	-0.15752134301224807
397.2505739182368	11.087125455189012	226.0842032764192	90.02636394540094
35196.65533333332
21	10
6.186615733747717	0.006265858957381048	-0.20672028894383201	0.025395260465329923
401.63260581760653	11.100509481516411	221.63433781341655	90.14854962952577
24152.211999999992
21	11
34.78259204665288	1.7719423450749656	0.6739558247561697	-0.21319242728713483
430.537609806928	12.360324600643024	222.30443079629566	90.15684603353051
41663.93266666668
21	12
0.007188480423422246	-0.3568663697579398	33.42333286230256	-1.3594901594493232
403.6258269931807	10.850988518628682	243.25508789227752	90.57060766266243
39504.731333333344
21	13
2.7974821709859814	0.006516732947175547	3.414666837863447	0.0032627457536639993
399.21638156501814	11.098665614058993	224.1165495783441	90.14032950914891
47507.418666666665
21	14
0.6163349510463042	-3.543985736455414	-10.601361207295268	-0.029174434003787438
403.99412568569727	14.061682078544504	219.93853718730327	90.15538912680101
66319.81933333332
