19	0
0.9182440910802555	0.0009797821357713848	-130.0091221117221	-0.49592738420763927	-0.22382311142607889	1.5076470419675532
14.413817175693804	10.000979782135772	2006.3670218276477	46.452639290982	74.53091543044404	206.7050274662734
3654.4557820467244
19	1
0.0020723829207287964	0.0029667064314050306	21.452656455528267	-1.0215685101013623	4.677016301590915	0.0071585892585870805
13.847810457911722	10.002966706431405	2083.076076290503	45.52720623125977	76.24862219517215	206.06700159955676
3547.521825342288
19	2
1.0691537218237577	0.001761155318677816	-0.3124339781116033	0.8433135124373629	14.25	-0.004824075189929415
14.406402233124062	10.001761155318677	2082.548912209779	47.13033022616891	82.40222243662512	206.0605799653232
3704.235567424734
19	3
-0.022110802097875422	-0.013936918151805392	346.6730088160148	0.34064519523321407	14.25	-0.2743270475732832
13.829985842850757	10	2282.5231544166354	46.32151163569008	87.72247463511744	205.93886409110416
3375.2006603057052
19	4
0.309349894883143	-0.002935154396353099	-447.0	0.9229361666608877	14.25	-7.001285887522843
13.972407869445394	10	771.2633316114777	47.0187966474027	85.37915138539866	201.15787173476147
3491.7959788567514
19	5
0.3796468130498293	0.0001942400465424958	-447.0	5.526155208996712	14.25	-0.010624502587269845
14.097121550840226	10.000194240046543	1701.7042393243516	47.79715762657817	100	206.05589685465216
3469.407446587505
19	6
0.01199398411316465	0.0009485583176375685	231.802866044251	0.8081564073086756	0.35988987981728754	0.49048614532360496
13.847809503744976	10.000948558317637	2219.7617045965767	47.23874110150585	74.7482384899414	206.37704388538276
3629.9429190319343
19	7
0.19881330737284691	0.0004886865282824435	-1.2290080140686759	-0.4064417746291773	0.2751214292893033	0.2069096778272092
13.97691808979902	10.000488686528282	2082.6538529350532	46.39439803828633	75.76719107391354	206.165151549814
3409.8649468205954
19	8
-0.09687328079294692	-0.0640741294269862	-36.240714720948766	0.005333826572921162	-0.7714088684093027	2.0361505762564134
13.811285993476254	10	2060.329529349309	46.71953421286841	74.97721639368586	206.69559478495142
3257.6996768868066
19	9
0.0014754462485484384	2.6409746956739867e-05	11.287857890945574	-0.31735652825006705	-14.25	0.45565721553879257
13.845009738923798	10.000205004932006	2086.071303864978	46.50682944700065	62.82308503209389	206.33405514838492
3531.2683250698974
19	10
-0.6741243901525239	0.00040875863008960165	5.894030610641986	0.04843734034721465	-14.25	-1.7905403437970395
13.446305302107021	10.00040875863009	2082.2272437503334	46.7465095603888	55.52321032866555	205.6994128486277
3461.995934613658
19	11
0.8617417307916246	-0.00044691572730709247	189.34909065989478	3.233612044558414	0.5511725835925577	0.30753941457824424
13.420469682040506	10	2230.465947833495	46.91766943779746	75.44510382824512	206.19415771404095
3448.225229584805
19	12
0.08172541707669899	-0.005070000788161803	-447.0	0.5588742821163821	0.017963795639874304	-0.001547216974481074
13.88419383207019	10	1470.4754845191092	46.95664686300623	75.03291519979668	206.0614698180876
3389.4609849293247
19	13
0.07521282152111008	0.0034508209580342364	1.550141304384858	0.03840112333693493	0.14585402195209038	0.4642067777186517
13.864156114797442	10.003450820958035	2083.688840472767	46.739464449409795	75.04291744476363	206.30395077623257
3585.9809097019006
19	14
0.10633493377927701	0.0020810149994031422	-1.7273228924182291	-0.39851205960325986	1.749868343174421	-2.7839673684665343
13.878420605863512	10.002081014999403	2081.532580277327	47.50391589195068	75.54757794907533	205.69222036226063
3643.2372475997663
19	15
-0.14536319058883823	0.0016421365469968217	-69.89937779181939	-0.03505858268695994	-3.1324251416089144	0.6023485310055943
13.87033960394982	10.001642136546996	2095.1472240244066	46.691329227986394	72.94350686821697	206.418976863644
3526.468297483829
19	16
0.0169843663968452	-0.008484676274065147	-1.6790820495195444	3.7392846834113005	14.25	-0.0024303545212680253
13.856147668579265	10	2082.651455354801	47.60741664337039	98.59149493939734	206.06052086871688
3477.1355789632034
19	17
0.0031083471985322224	0.00022023688768351457	-378.9307819114786	0.07861072877128455	-1.8268341927371616	-0.028964313101214837
13.849099232772385	10.000220236887683	1852.3921471073406	46.755166173183724	74.65858647737413	206.0536114088549
3595.383684081601
19	18
8.585685931596941e-05	0.00014377193825937767	1.0692421137235633	-0.004965989002295998	-0.2961436637607989	-0.011968453271138874
13.846833494663885	10.000143771938259	2082.1137609721045	46.712393059845546	74.86118360955888	206.06321208675544
3187.208898221246
19	19
0.0029848076257542504	0.0003572277913921043	-58.26007748504437	-0.6821629231365307	-0.15310236456475237	0.42543670182377674
13.851218849245802	10.000357227791392	2084.421553560793	46.22880070472808	74.90584734979662	206.1180045554811
3578.1031873681845
