3	0
75.0	20.681603720000002	-284.6079907325928	-1.3484793951835288	7.254454136689045	-20.903316213276987
401.6514576066188	114.75731205333334	4131.78211091994	6.1247206048164715	7.254454136689045	10
74.57613604302595
3	1
19.798561660284058	-112.89085	-219.7152884136558	-0.6909314109595731	11.46806341240476	0.3384461942431778
312.78469690040083	94.07570833333334	4159.13142904623	6.782268589040427	11.46806341240476	12.343319793663522
151.39553623254312
3	2
5.053337734080433	-26.749217934473844	-654.6844156502626	-1.0096662253017712	-0.34756545651841114	-15.389025739139301
328.8530933771616	94.07570833333334	3761.705686002271	6.463533774698229	3.2377243268473364	10
56.89120997184114
3	3
-2.9693746915129346	20.681603720000002	56.514672070836795	0.644856107477133	0.7425308292059882	1.5101254318364934
326.1290163690777	114.75731205333334	4263.663405207666	5.644856107477133	3.582198272163432	11.510125431836494
55.78165126749748
3	4
26.92784060333676	-7.4787647702255775	531.1311071880348	-0.034319924131527735	-6.266808851769682	-4.500096785632092
333.9785337153462	116.75121962914878	4515.634934396855	9.23492861693757	7.82819780026545	12.095103214367906
134.6009713637107
3	5
24.866001555797066	-112.89085	-508.1361609807538	1.3313284894227349	1.201266972956197	4.025947966514157
345.50314413513195	103.34884675557271	3908.2539406717797	6.331328489422734	3.059225860177646	14.025947966514156
207.64057263705408
3	6
-17.24140882574409	-112.89085	-139.83381537833367	-1.120464930807281	-1.0684391417337389	0.09257524932628075
319.1485009215835	94.07570833333334	4195.602743631708	6.352735069192719	2.1738497239271775	11.193677814798399
201.51147949985622
3	7
-75.0	20.681603720000002	49.99382646029147	0.5715415247752635	5.257968267258111	-15.692972572518377
258.7059306797497	114.75731205333334	4262.968668075704	5.571541524775263	5.257968267258111	10
87.64987344335736
3	8
75.0	20.681603720000002	-333.98115217195175	2.4732	-1.685948223323062	1.9355856657587114
446.7862440513168	114.75731205333334	4181.653782224903	7.4732	2.815657161472404	11.935585665758712
62.16973566920423
3	9
-13.81673337892828	-44.62615768122	-203.44207319222826	-3.798005757196816	3.162113586363933	-0.2114186369766693
328.3269407875308	94.07570833333334	4212.948028460305	5	3.162113586363933	10.629766090963734
61.44673222108958
