15	0
3.8489046855403424	0.008849207185471799	63.159748176168705	-0.47910358404824066	14.25	0.15644301520333354
13.848904685540342	10.008849207185472	2121.721458729917	46.36870751403268	74.48514163013536	206.22359732048355
3654.4557820467244
15	1
0.1665598472472588	-0.010401052464959173	447.0	-6.22968466844987	14.25	0.07166323720992052
13.854402587662486	10.020617699583624	2213.203138363519	42.4875370738416	100	206.06634608478268
3547.521825342288
15	2
-1.0618322011099512	0.01088833171201568	10.61271079481394	-0.3234957918680396	14.25	0.006231238986346895
13.392842275134374	10.010888331712016	2081.220597231424	47.40396928905527	85.13485032122402	206.06433916514504
3704.235567424734
15	3
0.1592172323570178	0.021453692090338664	98.99287785406784	-9.477155208463891	14.25	-0.7455739001670804
13.93266253864342	10.021453692090338	2127.603604330293	40.998192049019664	79.96327639232169	205.60977965680507
3375.2006603057052
15	4
0.0784054448720348	0.00960138785772429	-309.3752765006668	3.084060521810677	14.25	2.0738342633993048
13.897255023420977	10.009601387857725	1864.8956222061813	48.6035348921448	100	207.64516144703362
3491.7959788567514
15	5
0.1919775521372688	0.0007931634912998724	-135.56599569535754	1.2635559125965425	14.25	0.407811567372619
13.963525803987622	10.0007931634913	2005.4773848533202	44.30570682159544	97.93154274279561	205.90487021927433
3469.407446587505
15	6
-0.8027151431760324	0.010227196215627185	-174.03784136898594	0.36840657239161867	2.1678486638310894	0.5763317964642217
13.592004137127185	10.010227196215627	1960.9370734726367	46.710833791912876	76.80044961908557	206.39199796634696
3636.220489568163
15	7
0.3150432258474469	0.008936787149020636	29.515782860051043	-8.720270703764802	14.25	1.1347050719575487
14.059918780031548	10.00893678714902	2086.2696638082466	44.04979524798673	96.59341176289357	204.7606512418831
3704.829687459571
15	8
0.9030139803203563	-0.21440612707570386	-124.217765573317	0.27491861221407055	-5.127424454425012	4.8957121903309195
14.443346103891187	10	2021.8863307597378	46.8911527218839	72.06140149248262	208.68467315175297
3257.6996768868066
15	9
0.0017896508158908946	0.009222151495720724	-336.1554359028852	1.7052989152805818	14.25	2.848918510987378
13.839145321445969	10.00922215149572	2177.222373068488	46.37881620141841	100	207.23690432094847
3531.2683250698974
15	10
-1.814110490703282	-0.023714865325441998	447.0	0.745851594732174	14.25	-0.7998986106514402
12.682398997458142	10	2411.5461925012023	46.59641210149942	94.86120021912697	205.6211281129079
3461.995934613658
15	11
1.3355388613597092	0.0014044404866191535	447.0	-12.0	-0.7745312453123023	0.6501326806059171
11.335538861359709	10.001404440486619	2323.6334373101004	13.403865352691305	76.40417088247115	206.17821446272623
3448.225229584805
15	12
0.5032530436073211	-0.11483638385984021	-447.0	-2.141649678510872	4.5871067530646314	-0.0023171738821465516
14.139544207385297	10	1820.8018681412686	45.91466937501974	76.3978458617593	206.06092113761997
3389.4609849293247
15	13
0.08294478649967986	-0.04318056254632008	-27.62773432519125	0.28871952573651344	-0.03414760473596745	-1.857101385983367
13.892797078966671	10	2093.3032257678383	46.76778101533734	76.48504807287236	205.1772362348333
3585.9809097019006
15	14
0.31808972334034635	0.011833520603620858	-26.294552653361496	12.0	11.265201577713347	-1.6039749615192447
14.07312154483256	10.01183352060362	2070.8994571562016	55.61973850039804	74.27939213326054	204.9966709010783
3643.2372475997663
15	15
2.1065703975703345	-0.14054771115722178	-336.03161113410295	-0.12799172256836633	14.25	0.23038543599764208
13.110071828811979	10	1905.1186233944522	46.62205499546648	100	206.23335246889906
3526.468297483829
15	16
0.0115294609258815	-0.12941584095807862	-27.252715771746782	12.0	14.25	0.01623946958054691
13.854464453123056	10	2090.1957289466955	51.50244763557696	82.33665342040001	206.0670875310791
3477.1355789632034
15	17
0.0009274519654699301	0.0034221493683410688	-72.88564197180526	-0.22896997054130683	8.860628887075551	-0.02243432059399477
13.847197588269156	10.00342214936834	2034.0940482396074	46.582814021263744	81.61752658228987	206.0447880738705
3595.383684081601
15	18
0.0006202764499590437	-0.009170018726482645	12.348974310072945	0.033489261169482205	-3.370053117066633	-0.025125007738496907
13.8467280147894	10	2083.066424143509	46.70774218383912	74.22181846364606	206.04922297323455
3187.208898221246
15	19
-0.07279925663729085	-0.030711098216117855	-8.640105382329434	-1.0148797754513088	-2.718862769459361	0.4488667171523626
13.897740031693987	10.000353116530263	2034.0357548316285	45.99013773903885	75.17764746188287	206.30657369605805
3578.1031873681845
