54	0
0.00227489772152237	-1.8696819581841696e-05	0.0006430586950433616	-0.020949178637283537	0.0002926465403773314	0.00014622960891035977
0.726698490087708	0.5188972887853394	0.26212331924211313	0.06012652238776319	0.007255702441830357	0.003444209923177677
0.3899796030972847
54	1
0.0038573470078553575	-0.010582730410484166	-0.0013313990564082414	0.11074160455971538	0.006241353493639315	0.0004807605612458516
0.7276627280381586	0.5117243877549429	0.26087167340781536	0.13611901771799484	0.010825655012995938	0.003485389592123967
0.42691641415846365
54	2
0.018731945572800356	-0.004861304096862315	-0.024034333636029602	-0.03204857233131537	0.004583648723738717	-0.001301372577005788
0.6981732974584804	0.5155294023605076	0.24853813839643127	0.05085439080815197	0.007691337018530698	0.0027203754881359515
0.42407530033139706
54	3
0.001334683519654941	0.16881668329623747	0.0025623716713488445	-0.0010190587118734697	0.00047611415339069297	-0.000768350491771885
0.7249825901734259	0.5975517368004238	0.25773070003025544	0.07065789947500993	0.007106266860052511	0.003369824415519721
0.46616892322811687
54	4
0.0020998780407229657	-0.11028424044582726	-0.011829566934168805	-0.013673523430996357	-0.002935618156096254	-4.235153718907441e-05
0.7265736741928733	0.5036594557561487	0.25383228791784285	0.06303360818037727	0.00533769941799764	0.003383392687012949
0.5992102395672684
54	5
-0.004930282714425483	0.003353045467159952	-0.06669117668455095	0.06943730330311854	-0.005304204381250688	-0.0007438741821375463
0.7240410737162851	0.5198592750068485	0.2226234954530888	0.09561515135939269	0.003713843091374197	0.0031605141325930174
0.4612229268450779
54	6
0.01016208750981228	0.016194557373668615	-0.026560369720423138	0.09742999406863545	0.00537571711808634	0.0007659170690145851
0.733249041462521	0.5178441206456986	0.25298110931315815	0.13853512748115232	0.011037868011670804	0.003800384806870739
0.5222833578802588
54	7
0.29376678190597505	0.24335144646814943	0.014847520923620303	0.08059640780498813	-1.825370729031375e-05	1.5575832771026548e-05
0.90823990734626	0.582726799775797	0.2652772548321232	0.08567876563698962	0.008746059951610407	0.003367824509889135
0.5807982493269674
54	8
-0.00043577242292881584	0.04032847843947161	0.007100004768918993	-0.004318862286429825	0.0017385554517884985	-0.000709397368182402
0.7250151320820706	0.5468415925618184	0.2647044478324812	0.06980803078409713	0.007519259768475011	0.002694379151754968
0.4169808641285463
54	9
0.000591959953502242	-8.037232698027686e-05	0.0004190980842687439	0.031026880588239717	0.0005245905602575332	-0.012877249192721232
0.7261934795400595	0.5186845581233294	0.26201174785082826	0.08701109199061718	0.007498999603360477	0
0.40999872424017286
54	10
-0.03535818405692715	0.0006638490693950968	0.0004011350026490244	-0.01756194110538638	-0.0013957185686486282	0.003114609910725534
0.7319271723440136	0.5172810028760831	0.2577246699746913	0.0721797250548917	0.005858589289044931	0.00440761101101958
0.7879487793538084
54	11
-0.0012302596578354647	-0.002991493634581833	-0.003305605622111284	-0.10749189725509063	-0.0045723424468551745	0.00012212754234219433
0.7245990155256032	0.5173589022395997	0.2601679759073872	0.0046365077628764545	0.004369179647207736	0.003425503989362843
0.4004733513711167
54	12
-0.004030577131825363	-0.0037980000422440435	0.0008550725736534714	0.009026073935035165	0.02925784146455019	1.3202612300829901e-05
0.7237139735944247	0.5165600007716739	0.262449957437711	0.07673228827566382	0.02925784146455019	0.0033733268402332635
0.3909244060768021
54	13
-0.003900961357114334	0.005376427579619654	0.006302027706085662	0.05469310500310238	-0.0006843730353559758	1.4696507702806526e-05
0.7307365966154385	0.5161783353305273	0.2664087241655673	0.10004980359475822	0.007749243412873535	0.0033716073974499935
0.4450812086735206
54	14
-0.07348284847858493	-0.0003404415307315661	0.02616036416953678	-0.0038866301590251536	0.007546990901739239	3.8998265043345244e-05
0.7221064192455521	0.5187155927302528	0.2685795075416509	0.07606220163569101	0.011782844170381432	0.0034146667959234177
0.4837002501325966
54	15
-0.6430339161836531	0.012336872257131084	0.0003291725429725791	-0.001120287798532326	-0.0005701152381448294	-0.00019239839778687344
0.9186851165881116	0.5202341236581127	0.262174810946832	0.0829649962084182	0.006578678728212715	0.003231769485036298
0.5188445217666684
54	16
0.08709118015066192	-0.00010514617273275232	0.04702128109404414	0.0065892056266424505	0.008523696734944634	0.00014081072891327566
0.761688504522879	0.5184920755427773	0.2579002315308326	0.0742106681793132	0.011789110044907587	0.0034338585166603704
0.8764542781228087
54	17
-0.0010383134406823768	9.703032769234544e-05	0.0022328634958978634	-0.007673658526375688	0.00015658008361484115	-4.9946053482277254e-05
0.7251507346465254	0.5187874267330168	0.25910707312155107	0.07995286286814346	0.0071278208292531635	0.00334726981345828
0.42504385825115953
54	18
-0.07913774071222712	0.613883286805523	0.00038812215485760484	0.034896546390511776	-0.00024712480290203586	-5.121671428595844e-05
0.6670534683323422	0.6243612529391589	0.26170116942333405	0.09200045226511849	0.006607472182198756	0.00333762858054467
0.6051811325294666
54	19
-0.0006079913368825006	0.023845634177107035	-0.04052641392499073	0.026352081235404258	0.0028717123777418554	0.00016260908776419934
0.7253801790350581	0.4842680082039986	0.26525687391770647	0.08517507035812713	0.007286404443199559	0.00305070715899606
0.5248904244497448
54	20
0.07074334254924522	-0.001954206055481124	-0.14869444438995355	-0.001143163082673504	-0.010219572288186728	-2.094474784303623e-05
0.7721707936761357	0.5194133943882819	0.22137358491152653	0.07090566139724296	0.0008004612825144603	0.0034806182072057087
0.6572611826883863
54	21
-0.0031872264492043036	3.643025284453014e-05	0.010047850126810563	0.05285422832420653	0.0011391824757070795	-3.012006509161244e-05
0.7250447984690473	0.5187244102801482	0.26490370824136483	0.0786600754137923	0.007414118917319361	0.0033452372499919443
0.4098354200702757
54	22
0.1458307793658141	-0.00657241796955652	-0.012771827475924112	0.003051637850646393	0.003914094696083525	1.0588354979123577e-05
0.8281640836590629	0.5150678051327572	0.25531947474814815	0.07347410558678233	0.008049811773189797	0.003360003286916743
0.45202917165594586
54	23
-4.718063842086272e-05	0.0006636076222577512	-0.011462505847417655	-0.07206617419940824	-0.0003165050219870567	-0.0015894676562407891
0.7256390729914933	0.513269653060647	0.26527404595400544	0.04636490995353476	0.005513712010119485	0.0027559328432210017
0.4694962398851237
54	24
-0.04548861404534862	-0.008846704145003121	-7.766427382710637e-05	-0.10219025390646819	0.00927323542762368	-0.0009304291405996398
0.6955326497650257	0.5198601911664069	0.2619460985586078	0.03539007297007421	0.00927323542762368	0.004754631327719099
0.5672582816395172
