6	0
-1.5960309612947903	8.324697752250541	447.0	-12.0	14.25	-7.5
121.91494923386246	102.04070744885321	1995.8566740538217	31.9275344822342	100	212.13762656600713
6400.0
6	1
2.512636895807181	0.31141416093593177	6.814477989747994	-8.828640568360038	1.7794100001831548	0.9174862884222564
118.96312705255242	110.10607425892594	1408.0891016503615	52.62386729248418	90.11376127613615	224.58184877205457
1329.041446678145
6	2
-16.67775631250044	-51.0	301.43848986139045	-12.0	14.25	-6.146245967209918
106.85565882085064	75.92380011656726	1576.7113034961083	53.651321850241175	100	221.27611756673681
4609.417055014632
6	3
1.9169701319959291	-51.0	-149.2538183875296	-0.20732232190394415	-1.0592122132160888	-4.159219539646353
119.19759097378119	10	1336.0325265767226	56.54492770744065	91.41853860486555	223.47971952163252
5787.905283645187
6	4
-0.3044087044091623	-2.319619665936072	134.5029351225978	-4.764020023454796	14.25	0.12528500800297082
117.48522354473353	112.23190216536196	1533.3908606255304	53.47324096596843	100	225.1611117009042
1757.2369616796684
