32	0
-2.430980359772966	-0.04069171478463494	4.659520209442045	0.0038206763156950607	0.00023764455287331597	0.009176669628422942
147.56901964022703	16.133451688759894	447.0790541708963	70.34785171389457	80.22501648958568	244.44703433062742
1207.291074567215
32	1
-4.2719637600895606e-05	0.0031261579432811976	-241.80378637834147	3.034890607658433	-0.0022023769367968777	0.019802461138384075
149.36552790585486	16.126205128314087	371.9900982588164	72.06153569689903	80.2238653840693	244.39078129960112
1180.5415774965318
32	2
0.3473749239898636	-0.945171329312803	251.0535774164959	-0.6992761069182201	0.018698332246036637	-0.002913409938338349
149.4625514497902	15.470481124206245	409.35306545518716	69.93012373614802	80.23747756875092	244.43861354402952
1189.925205263952
32	3
0.007513773260788991	-0.0008852498956662103	7.083049888823128	-0.059041139597947906	-0.0008763588337819407	0.015394620329404838
149.3707589829585	16.12516972603099	449.6927820000657	70.31939093681848	80.22494453406783	244.45142242244583
1180.7291295341959
32	4
-0.006554616502400398	8.879717990602689	26.355281717268394	8.779225418521054e-07	-0.0076154820882094985	0.004845779356560576
149.36148710963886	18.87971799060269	462.6325544702316	70.34886660565293	80.22016864982804	244.429807483483
1251.6589808912258
