26	0
-0.9727079874545499	0.07198994698155489	-13.993566691645619	0.7069599381761287	0.047041400590450116	-0.3117875872332801
149.02729201254544	10.071989946981555	451.3858647321277	69.02516119176802	80.18911531722004	244.73373995649888
1186.6730846678693
26	1
0.00017791110741734647	-0.41279782065831105	-7.914897754144953	1.1009213655224963	0.000601540055318966	-0.10524784481914912
149.37168266889043	10	444.2197973386222	69.20048099738622	80.15930851767733	244.84299207452133
1163.130938466126
26	2
0.4545366304421521	-0.2941693234152977	239.13684888692532	-2.8269299420351985	-0.12571881041739094	-0.04260023258516818
149.66307311775284	10	612.2151583999416	68.61173052409669	80.1377536450997	244.88687874951097
1195.7942024965828
26	3
0.029967730223948427	0.15328990545906282	1.447772486196549	-1.175490845445512	-0.02591392905481782	-0.3225588135301593
149.37100263782833	10.153289905459063	450.635861433252	67.85113300819413	80.14229985471671	244.7226332756371
1169.0632478592022
26	4
-0.06707287169441213	0.1548248976063264	25.204824835821302	0.28869270220387183	0.9925870540228768	0.04713305321671771
149.3248950086156	10.163119953544697	472.34625206235853	68.67262200919832	80.73475705625508	244.93347875355732
1304.9604223000256
