20	0
0.0	-0.11163267563971509	0.006328149409353834	19.12832426569522	0.010461643531039374	0.0
0.0	56.445436679960686	56.70888820046307	47.99727885711425	0.010461643531039374	0.0
27.047593254656043
20	1
0.0	-0.14331373457386742	0.20761556991623673	-7.943470961769536	-0.15479235268708766	0.0
0.0	56.445436679960686	56.86208122967944	30.94983680183276	0	0.0
39.03468640493837
20	2
0.0	0.03156846758506976	0.19732989425741176	21.0	0.010633048901001474	0.0
0.0	56.47700514754575	56.849607547114694	44.02441076407136	0.010633048901001474	0.0
33.44350268833451
20	3
0.0	-0.0016989997704818563	0.34207468787890505	21.0	0.04453487085016922	0.0
0.0	56.44571297708838	56.97431209892081	51.75548387549184	0.04453487085016922	0.0
38.04468604399741
20	4
0.0	0.006997761656935645	-0.5778525284709856	2.2336433232993094	0.003719998574461617	0.0
0.0	56.45243444161762	56.86471697425556	38.293124391937916	0.003719998574461617	0.0
35.60707624446235
20	5
0.0	0.057915398552161886	-2.6428961867815692	-18.826394220697082	0.006097536627387409	0.0
0.0	56.50335207851285	56.445436679960686	24.301947307165598	0.006097536627387409	0.0
28.165651333059508
20	6
0.0	0.013820534331321726	0.2676798741230999	18.669534517797825	0.009673229521440802	0.0
0.0	56.45925721429201	56.826995393657235	50.36678576274203	0.009673229521440802	0.0
39.34112620366315
20	7
0.0	0.06563554317955808	-0.28818505330382527	-0.8297802175116693	0.05715153727719841	0.0
0.0	56.511072223140246	56.81613039986251	38.6749825308014	0.05715153727719841	0.0
30.85607322133789
20	8
0.0	-0.04202813995769422	-1.4427634334309014	3.2577031881926266	-0.003652776865370955	0.0
0.0	56.445436679960686	56.445436679960686	39.279185790884256	0	0.0
24.269367149753258
20	9
0.0	0.04304145436531922	1.0294344045021606	2.6976082203436103	0.21739873731795545	0.0
0.0	56.488478134326	57.47487108446285	38.99020839248055	0.21739873731795545	0.0
19.27537529012217
20	10
0.0	-0.057052718262640266	-2.1438518223167486	-4.243464522629099	0.009071118253570145	0.0
0.0	56.445436679960686	56.445436679960686	55.702667464301555	0.009071118253570145	0.0
45.159757060162576
20	11
0.0	-0.04494503276198983	-0.8147337926763007	-1.3075362463005162	0.01072482725489389	0.0
0.0	56.58393022601871	56.445436679960686	36.505805904148076	0.03320650072576971	0.0
41.94938416135405
20	12
0.0	-0.034308569847442835	0.04398805321444229	8.275013804937911	0.022263605232301222	0.0
0.0	56.44761396456564	56.74828785423014	40.01583054644186	0.022263605232301222	0.0
51.62645893563793
20	13
0.0	0.024504623021653262	-1.294067091353392	-21.0	-0.2810124924940002	0.0
0.0	56.46994130298234	56.445436679960686	5.005924517746571	0	0.0
60.20974007308588
20	14
0.0	-0.05101587250893443	-0.19457281770956736	-7.3856286155095106	0.05447288787714117	0.0
0.0	56.44552347166119	56.727570065361235	41.2544932916096	0.05447288787714117	0.0
25.940597768625928
