22	0
0.015279714157061523	0.24206388081161967	-0.16930191921042714	-0.07189220208622117	0.01668864711972305	0.0039446534650697815
0.6418088296091145	0.5929684270398163	0.06378116300918996	0	0.1419334826159453	0.031049407223523402
3.6886516148539608
22	1
1.8866010052061903	0.08640489549339576	-0.06674203893177194	-0.0018275927958855526	-0.03825522630790895	0.1567291955059853
1.9020998090390155	0.5145850856981706	0.21797489388518987	0.00394823831318405	0.1460032573366667	0.1567291955059853
28.265430721020163
22	2
-0.028963844449633267	-0.028441604807174253	0.05628926842770138	0.015992369306385295	0.0006389526189496605	0.09375665427577899
0.6295197682263893	0.4460047243601726	0.19639138266628242	0.015992369306385295	0.15604695639656993	0.09375665427577899
3.9850960212024416
22	3
-0.04736286920593679	-0.1663697833172452	0.03169814872932019	-0.013976745042973394	-0.013151184891761996	0.0944306581689568
0.6450904462388453	0.3468248455598192	0.17431019873541267	0.0003189711320386625	0.1569562356464276	0.0944306581689568
2.8401471429966043
22	4
-0.16553132633565112	1.0476686722924213	-0.2530694175802392	0.012156652378823754	-0.047104445489012936	0.02180195773016292
0.529241421855294	1.1366055773155623	0.008877843535885721	0.012156652378823754	0.12603654809444187	0.03926987671850323
7.748977904883732
22	5
0.639563663700969	-0.07881370706481206	0.17615656053539586	0.011380175841898033	-0.37625399958503175	0.03618684084131214
0.9232890596048039	0.4907014359237314	0.25979623884046027	0.011380175841898033	0	0.05059892172288197
3.84045922551775
22	6
-0.08585602555179128	0.30680041281066694	-0.09282717499475447	0.012572201076657536	-0.030521757440784926	0.06506186474171723
0.8529894753018835	0.6332918599520894	0.17139498404608927	0.012572201076657536	0.12280013339469367	0.06506186474171723
3.9127290201123746
22	7
0.02051307809618658	-0.1871095046067252	-0.026428289429794555	-0.06672002382306233	0.04661409305028092	0.08224597627498749
0.6674167651715364	0.3490312399416254	0.2283060893431287	0	0.16319433787812357	0.08224597627498749
3.5630364239326577
22	8
-0.32485580602885594	0.2606664996767196	0.1821370047454221	0.03896683467371495	-0.04592962450087138	-0.20029561900767115
0.47068458488075765	0.6155227720109341	0.1821370047454221	0.03896683467371495	0.14219390368204207	0
13.309581941414093
22	9
-0.2056493082191892	0.08735304614959427	0.10146725683953442	-0.045430714133849776	-0.08353686595717993	0.08631351629590474
0.510253046871018	0.513354851301475	0.10146725683953442	0	0.0840383933084844	0.08631351629590474
6.46661494144467
22	10
2.25434893996795	0.7289524081613097	-0.13828101905132179	0.011935038579576271	-0.007716382299980316	0.06836684119464513
2.25434893996795	0.7725352171278255	0.09619973623445996	0.011935038579576271	0.13857042935089767	0.06836684119464513
11.196179213715073
22	11
0.8305347300207411	0.18392560617585968	-0.18248481834165522	0.03104740283437877	-0.8511308505923934	0.10108427665826353
0.8305347300207411	0.5566865326725237	0.0949791181193392	0.03104740283437877	0	0.10108427665826353
5.304666028252168
22	12
0.07519367289986141	0.4468075254366461	-0.09807908655283319	-0.008737160758205312	-0.007067866036112359	0.09454180993572472
0.6916470962894	0.6093768861489839	0.14867159026102839	0.0002974028166307305	0.14071588523366824	0.09454180993572472
4.0384879516692775
22	13
0.569600348963314	-0.12868545208302198	-0.01344960797907338	-0.0006865056377813278	0.02010595174507108	-0.0054529817636190464
1.0413563938931538	0.4187891755760217	0.17238920454086107	0.00478237484771976	0.14815566782039008	0.020382090561916536
3.6868105117240733
22	14
-0.6173995332637564	-0.046411520918762446	0.048040096029098776	-0.09178952830403811	0.07385393466932735	-0.24560019844302403
0.29933230213234074	0.4809117716830835	0.20675994763594643	0.012426136009186961	0.1464675857390593	0
6.417759627087202
22	15
-0.8981881543689644	0.643124469744828	0.1521254771645193	0.032303415179177355	-0.17789287239499274	-0.13692937962368026
0.48602143222835326	0.8266871116369792	0.29404124980425883	0.032303415179177355	0.0977334078577673	0.020246792517195855
24.12424866704421
22	16
-0.46651734328131605	-0.07445440963705907	-0.03392721445024581	-0.025711354908531527	0.053840032146679845	-0.14622874676256764
0.4760408224349179	0.40779870887770575	0.19317131535835613	0.00045681097278043453	0.17592313339540572	0
2.74227067907671
22	17
-0.2223179740753192	0.020295275021078023	-0.010336353952607506	0.020325995357826622	-0.2686237180972635	0.08119034454283325
0.531243800229351	0.4579895672898056	0.2037986307476979	0.020325995357826622	0	0.08119034454283325
2.9941892912817587
22	18
-1.3669451846983836	-0.1040615341022644	0.19362879890849277	0.004690719579321715	-0.05953733681391501	-0.05247656216321171
0	0.4209572418053731	0.300058188703163	0.00722426023223911	0.09679832893542709	0.011102340737209879
5.952032422905822
22	19
0.1589551176914341	-0.04148136676587652	0.01659235312357217	-0.002979935557085796	0.010572152716482229	-0.03660896697845209
0.7433121724230776	0.7328430120044325	0.1725203831512896	0.0024150431895893043	0.14252408402991268	0.019769723206769264
7.165641434502655
22	20
-0.04187214928414683	-0.05773303523392277	0.09092027136459399	0.0005807744373775061	0.009889052428161134	-0.005367699233547367
0.641316380629216	0.4278669053341487	0.2318592466466924	0.004577662744752222	0.1409228305704711	0.027160682228620815
2.733829652336674
22	21
0.13532197596922196	0.03863511131880966	0.21430304739285555	0.010912316317224877	0.028818233744302243	0.019473361287306708
0.647496038473907	0.4293411012266482	0.2799934798370372	0.011987295066073003	0.13937735876037066	0.029890848922263354
4.546516447864355
22	22
-0.1236293324181634	-0.7782313798741886	-0.07748515528580342	-0.006633312237769027	0.5842437550648598	0.012946867443300899
0.5658771500607401	0.1664631835686915	0.2117512061167125	0.001480628624498279	0.5842437550648598	0.012946867443300899
4.727669501268038
22	23
0.8213628243496447	0.019218735511123887	0.22600817064845016	0.00025322447395882783	-0.03079230895536725	0.09353433048809395
1.0663552124931184	0.41213926994665434	0.27844489854120014	0.004399618827911269	0.1310935790764287	0.09353433048809395
5.841394688700262
22	24
-1.1128348578228477	-0.3411506797443558	0.16670633822835051	-0.0007250667446002032	0.17907339364405664	0.08289203798134787
0.02482651907363631	0.22309916920360123	0.2732507097871207	0.005292072364071542	0.21155250542088652	0.08289203798134787
11.143146389384635
