29	0
2.4332317577620595	-0.0009024719531824221	-7.108468209857373	-0.22896731191843067	0.003530094209182818	0.0001299299704180714
150	16.1476762539096	440.8276340022806	70.25801813596328	80.22775759325043	244.45118195834854
1207.291074567215
29	1
0.0002832358385638847	0.07805746272313449	81.55758805559682	1.6009321528149674	0.0015901825743483598	-0.531686617591494
149.3657379604672	16.09506601328048	481.7869337904766	67.64219177128848	80.22619568484662	244.0750189207265
1180.5415774965318
29	2
-0.6191385329799817	0.17196873126380108	-259.33158098842875	0.2573722935778318	0.5559275528183474	0.013670685349142253
149.2263422769614	16.248052227921704	289.4657504200004	70.50923723905653	80.52782889292976	244.44624777699272
1189.925205263952
29	3
-0.011781478966482777	-0.0007121777644745631	-1.586391375555598	0.0335907989403175	0.005162118679507949	-0.0330345809182809
149.36475897342578	16.12531289058277	444.9545542042512	70.36229103958345	80.22516810620414	244.43027027165869
1180.7291295341959
29	4
0.011539145472745895	-26.812002952513765	-26.015376214907157	1.0687462680728975e-06	0.003848195886165251	-0.10933465254260054
149.36503852745594	10	491.0272793364321	70.34886493407929	80.23895364842723	244.40177196189111
1276.2403646864877
