27	0
1.007084914012511	-0.2323264114045689	0.1846660877713684	-1.4929446850532695	-0.010666445675890153	0.5546370629117889
150	10	451.57053081989903	67.53221650671475	80.17844887154415	245.28837701941066
1186.6730846678693
27	1
5.647537361592718e-07	0.07562456074460258	19.12062532767907	-1.5440759119720069	-0.0005467347548823117	0.037598876139581204
149.37168323364418	10.075624560744602	463.34042266630127	67.65640508541422	80.15876178292245	244.88059095066092
1163.130938466126
27	2
-0.5414555623602367	0.05389182004968254	-205.58871498846776	0.3575793397267808	0.08850509941832528	0.0889255767669245
149.12161755539262	10.053891820049683	406.6264434114739	68.96930986382347	80.22625874451803	244.97580432627788
1195.7942024965828
27	3
-0.005151407033318534	-0.318427853459264	-2.558238635026243	1.0673434452622366	0.022800054393711005	0.22219566469404767
149.36585123079502	10	448.0776227982257	68.91847645345636	80.16509990911042	244.94482894033115
1169.0632478592022
27	4
0.035405135069027927	-0.3217347474994955	-76.13620991969937	-0.18169798772208248	-0.22648011540730567	-0.04503230054095486
149.36030014368464	10	396.2100421426592	68.49092402147623	80.50827694084776	244.88844645301637
1304.9604223000256
