14	0
0.0	-11.679646295673917	37.743894121926516	-21.0	577.6320098294296	0.0
0.0	465.9686879319534	2212.5065274894478	73.09257493996839	5827.569274352889	0.0
10800.032000000001
14	1
0.0	-8.486087001000016	0.5311746389616872	-1.6060210910878618	-12.091131347239005	0.0
0.0	463.25801156282694	2184.201009629481	85.56115999349805	5429.687832814728	0.0
10800.032000000001
14	2
0.0	-28.544297682484526	45.13801146514841	-0.6034102937837477	62.26872712036348	0.0
0.0	464.8470796643712	2210.9172011869405	86.33906169409276	5424.188748811563	0.0
10800.032000000001
14	3
0.0	64.72303731217634	-2.4595668230434304	-0.00011032820328593713	2.368497817921038	0.0
0.0	513.1668341329055	2183.233435764397	86.67332331338545	5429.886769054503	0.0
10800.032000000001
14	4
0.0	-11.023494031268637	668.8784246575341	-0.02507372799803892	-9.711465886554144	0.0
0.0	465.1721340697374	3155.974424157862	86.65713176918425	5375.989884774087	0.0
10800.032000000001
