22	0
21.216616327374926	11.040971187209589	30.59887038275593	-0.5298167688991681	0.18716766997469725	3.3391569455556542
21.216616327374926	11.040971187209589	35.310733062820624	25.892238304820943	30.043098912401142	77.81182110798342
111395569.41115144
22	1
0.6159309938505119	-1.5983357252001593	-3.251716247377166	1.2390362932474812	0.03246411328780693	-2.389474024960929
9.993966787812838	7.126204259516867	14.497826587651032	22.689044079724543	30.323823133763803	78.97012333855999
97986516.44746473
22	2
-6.607987490706019	11.311121999278326	-3.8770814989813203	0.10502933119352065	-3.3211223119545554	5.842440609006784
6.251890388129315	11.311121999278326	14.11955942466418	22.158382767637356	28.01222117852236	81.10728388750945
114758643.12213106
22	3
-0.13431108166525607	15.90033387488748	7.73556088917985	-2.0039559149343993	-3.9558461279528494	-39.763413521429484
10.862952093012254	15.90033387488748	10.925510499125902	20.75481602216445	30.227175616949214	54.30952973472718
140319007.13244855
22	4
-12.832161301480708	-1.3955048149070566	38.710499278578844	-9.68206574713499	0.02720593026672099	8.496302286811982
0.6668991110500855	7.047459670392682	43.44975140500456	16.58698788425321	30.32289859342732	79.91114307091388
111325522.76787278
