29	0
21.276652890939474	-0.006575201339558752	0.8667207359482046	0.9308980916411056
416.63202183129556	11.111778253931924	221.8980092665314	91.30457671683489
49241.916000000005
29	1
-67.41865512599881	0.0022664746855067543	0.25913513787075326	-4.467613537748497e-05
396.326471889874	11.1035896979929	221.85397887798095	90.13956037889895
66552.43533333331
29	2
0.0040523930800463554	-0.0004743543427190945	-0.06841112496078947	0.011915718598438
403.61499920473483	11.105712414399214	221.761619103999	90.14008668684318
42494.42866666665
29	3
0.20948673115360514	0.012837081073995059	5.296655797735305e-05	0.01417597764154793
403.75275875805954	11.107200388714823	221.7789504166593	90.14756718147554
43268.02000000003
29	4
-5.017973348098967	-1.4754337218336078e-07	0.7225064578514927	0.03596709514525319
407.92012959935687	11.102708267247868	222.28418146961465	90.15748848805177
42868.35866666668
29	5
-11.112298784816861	-0.4558719841239175	-150.0	0.021071894817675657
399.4342203550782	10.869166225804165	0	90.15278091782302
63229.777333333346
29	6
6.439347657271776e-05	-0.0036311962593836016	1.2403953594974384	-0.00045992731728807705
403.6144383763459	11.100370700089362	222.6328875041629	90.14086500127189
27245.16600000001
29	7
-0.003267413004970128	0.05493368942349052	-12.747579771798108	0.0015896019653420018
403.61351906698513	11.127552021612875	217.72757813558624	90.13978119216871
87847.65800000002
29	8
10.375994333939243	-2.369216776665336	-0.07459184218232295	-10.26013913125063
409.5861838763201	9.656562148868577	221.79360541784047	83.24488406927814
44074.09533333332
29	9
4.465781483866495	-0.01629723855691617	-0.06863253061354234	-0.029081233223459436
395.9583616048722	11.0997365299628	221.73503875198483	90.1306536325653
40781.88199999998
29	10
-25.85266677917351	-0.0017770326588462807	-0.25415333906996423	-0.0007832332672089113
386.32966992562024	11.101473697917674	221.69314833108362	90.13872156461221
27609.37599999999
29	11
62.224709015340444	-3.814212025356706	0.029107995196037056	-0.15408941918111915
439.0042253418243	11.080166524011752	221.79287005051768	90.0390549685098
46477.078666666675
29	12
-0.0009550816605596548	0.10930780936943077	75.35313700441618	0.9668241353855476
403.6137025128563	11.177789834488998	229.1719377979589	90.33055124294081
48288.534666666696
29	13
-450.0	-0.010914893666308616	-0.41087153627496237	0.002103961445537336
59.369157059298914	11.095449774647859	221.60985742656177	90.14011073374222
57008.88333333335
29	14
-0.30629554138718684	-9.699342465598855	-0.01804651034237963	0.0006979794051480794
403.3553298273992	5.4187650543014865	221.77351696874481	90.13918478539065
70631.3993333333
