5	0
0.0	-16.88887913623271	3.2352901524692093	5.54728058803207	19.86028951987269	0.0
0.0	56.445436679960686	59.6807268324299	10.922237441474277	19.86028951987269	0.0
110.01657136557816
5	1
0.0	12.434978760515293	4.724518176112825	0.8275965849614877	6.560631568547125	0.0
0.0	68.88041544047599	82.97020494379167	7.33655709258478	7.7576553660479295	0.0
39.03468640493837
5	2
0.0	-29.67646002365009	-88.67525228813747	5.80696616982713	-19.340116327614005	0.0
0.0	56.445436679960686	56.445436679960686	10.806966169827131	0	0.0
277.3784009484998
5	3
0.0	10.39158543631497	-25.589838154231387	-0.31106002546976375	-26.794068831159482	0.0
0.0	66.83702211627565	56.445436679960686	6.569166775421517	56.435492131999624	0.0
107.60277305651877
5	4
0.0	3.938264780304896	9.062901668359807	1.6431650608318171	-188.6969422330824	0.0
0.0	60.383701460265584	65.50833834832049	6.949287864074146	0	0.0
47.320645368405444
5	5
0.0	-78.59104088725482	-2.027317623723054	5.781939087435374	5.074104051377992	0.0
0.0	56.445436679960686	97.17080729880182	10.781939087435374	5.074104051377992	0.0
132.20994483254503
5	6
0.0	25.20258404858624	25.22985455331898	-1.6856989154806041	8.283323539664687	0.0
0.0	81.64802072854692	81.67529123327967	6.362676043381242	8.283323539664687	0.0
39.34112620366315
5	7
0.0	2.331881593643697	-85.05008903483468	8.29616140864042	11.060059869033633	0.0
0.0	58.77731827360438	56.445436679960686	13.29616140864042	11.060059869033633	0.0
48.88657998025965
5	8
0.0	-10.024131869424032	-4.5934733321408	-2.2536051038042246	-56.91478140228132	0.0
0.0	58.94810174638376	76.01659305458978	6.359411898843783	0	0.0
63.8660405921471
5	9
0.0	13.195490517781382	-105.66896910987668	-0.2768525385569718	-119.81544556491811	0.0
0.0	69.64092719774207	56.445436679960686	6.7725037411678635	0	0.0
1338.8030171781277
5	10
0.0	-10.262851910760528	18.823809575938498	7.990747733405776	-140.42003106643887	0.0
0.0	63.97234074909446	75.26924625589919	12.990747733405776	0	0.0
58.803784955443355
5	11
0.0	-45.35638624690509	-115.60625416946043	-18.272935762909814	-245.30291357440103	0.0
0.0	56.445436679960686	56.445436679960686	5	0	0.0
76.0057257732756
5	12
0.0	-20.942479433741475	17.83766016531278	4.660855226185165	15.32701736954331	0.0
0.0	56.445436679960686	74.28309684527346	9.660855226185165	15.32701736954331	0.0
102.61189322534804
5	13
0.0	-19.60343675224227	-97.5573103974519	8.403158823131582	23.70456019865822	0.0
0.0	56.445436679960686	56.445436679960686	13.403158823131582	23.70456019865822	0.0
105.0781767051964
5	14
0.0	7.141094292894684	39.07052317000621	2.72288915836675	57.72519278833505	0.0
0.0	63.58653097285537	95.51595984996689	7.722889158366749	57.72519278833505	0.0
107.57768519990196
