30	0
-2.3425508890715885	-0.04939677774397909	6.792521223843599	0.10610920356804365	-0.0018140554281511215	-0.008437770859188436
147.6574491109284	16.098279476165622	447.6201552261242	70.36412733953132	80.22594353782227	244.44274418748935
1207.291074567215
30	1
-0.00020320972274277387	0.026605286270188273	-123.78502712065651	4.543644612219968	-0.002064424609939006	0.386728473437823
149.36553475074444	16.12167129955067	358.0019066698201	72.18583638350844	80.22413126023667	244.46174739416432
1180.5415774965318
30	2
0.24641471542968962	-0.34173232168632794	407.33070751867285	-0.4808476349755083	-0.26389176383054835	-0.006298623236024585
149.47275699239108	15.906319906235376	696.7964579386733	70.02838960408103	80.26393712909922	244.4399491537567
1189.925205263952
30	3
0.0033783876088430073	0.00025774881774786934	2.102160091028737	-0.047350418747395484	-0.0007744096758971301	0.015189714865972754
149.36813736103463	16.125570639400518	447.05671429527996	70.31494062083605	80.22439369652824	244.44545998652467
1180.7291295341959
30	4
-0.0015678448399399107	19.10849949373436	-18.07682606323281	5.346175263218817e-07	-0.038088305264779215	0.028347780185223
149.363470682616	29.10849949373436	472.9504532731993	70.34886546869681	80.20086534316245	244.43011974207633
1276.2403646864877
