3	0
-89.00468225418389	-15.0	-40.50050999630168
1111.611236052707	13.238218544606951	591.9555407728556
56.830000000000005
3	1
450.0	-15.0	-150.0
2766.320909970398	23.474758478208066	398.2608910246764
33.23533333333334
3	2
420.8081884293172	15.0	-150.0
1471.247544009086	100	464.34698699082566
1299.094
3	3
450.0	15.0	150.0
1490.5044053049453	60.31946187258296	1000
32.60266666666667
3	4
-450.0	-15.0	-1.2765383276968265
629.1037399236443	0	597.372992814777
61.366666666666674
3	5
450.0	15.0	-150.0
1232.6929829790338	95.18128246216608	581.6083876993968
32.60266666666667
3	6
134.20863870618757	15.0	-35.9522407702875
1301.9792729675487	31.952248758892377	575.7231458805853
32.60266666666667
3	7
-266.71579338627697	6.699752757859462	150.0
1013.8023296252429	39.195406207269556	772.1873427664569
32.60266666666667
3	8
149.56501225655853	-2.19942774124213	150.0
1285.8797692911446	62.80564644509654	1000
43.334
3	9
-450.0	6.274182164376375	-150.0
211.18030690693922	14.762422833758938	0
32.60266666666667
3	10
-45.2745242335566	-0.6843953221716785	150.0
1199.8151133105493	62.83295773886642	881.2108442012764
32.60266666666667
3	11
91.40805104480309	15.0	150.0
1225.9125832335676	63.569099103510936	1000
32.60266666666667
3	12
-280.424602100647	-15.0	-111.25908252348624
1166.5219874783306	82.16077622223138	607.3398503518541
46.03333333333333
3	13
450.0	-15.0	4.66187803361975
1473.354152647526	0	579.5762994995257
32.60266666666667
3	14
-129.4025618197473	15.0	150.0
1751.891318768029	100	873.5630330564493
682.7760000000001
