24	0
-0.9893959623958838	-0.013098342377326993	-91.85408194818791	0.08731596628207033	0.012466350582698398	-0.06468137036754883
148.7704011630809	16.11537826585676	418.52900421916866	70.39713268052984	80.23359017163587	244.42982843347693
1207.291074567215
24	1
-0.002118617304786629	-0.17930639095988	-12.105563323002185	-1.7598731810557993	-0.0003181862363683854	-0.2580313484879452
149.3640497562434	16.72076944228969	440.03873003953913	69.75257093460758	80.22422332624522	244.26361569412902
1180.5415774965318
24	2
2.1198346227731992	0.81141834177866	119.09939480975794	0.7184727358189218	-0.4921193265510602	-0.00016990310298780655
150	16.526335067704796	470.87440230772	69.76494256160802	79.92320756417378	244.4359659383688
1189.925205263952
24	3
0.03582933688200288	-0.022579498484780785	1.5816866727059251	-0.030636158993145268	0.0059780506255060215	0.0908641245972163
149.38811131405637	16.13027230624555	445.80668371581015	70.33111424998964	80.22223609465566	244.48055150117497
1216.9493776571376
24	4
-0.04082329233701999	17.006440166790576	170.33082008289125	-3.524176149134735e-05	0.05820736662379416	0.24326357975046403
149.32572565996904	28.017805789009323	551.1771033718319	70.34891561084011	80.26425228802833	244.4224364110579
1276.2403646864877
