6	0
-70.34034593873706	-20.37992741631115	14.374322313931788	26.958013803722974	-6.206628169125898	20.037721256572247
0	0	14.374322313931788	26.958013803722974	0	20.037721256572247
47400183.14276426
6	1
-727.9705116502164	-34.88809243806113	11.96190173261668	-94.7195469926698	-7.542919413674283	-32.12674594347262
0	0	11.96190173261668	0	4.113762454898056	51.77867361989336
305009597.3174743
6	2
-53.264764695066525	13.007140492620845	-14.635980043844516	21.337973049157313	-73.26366190859521	-10.986674524160865
0.3554317152758131	13.007140492620845	17.715165345364294	21.337973049157313	0	15.20673549530559
27834420.821384285
6	3
-105.16511763724195	55.48439954639583	10.907531677824851	29.850540670749222	-28.01032609815875	-9.418844304629426
0	55.48439954639583	10.907531677824851	29.850540670749222	0	0
488853928.980304
6	4
12.37907307945468	-50.32688666689616	-116.58512248574618	32.43803676627791	-222.31217336657886	-12.180040541721539
12.37907307945468	0	0	32.43803676627791	0	5.459975311878765
5390018917.609472
6	5
-77.36610268424012	26.545343319733515	20.760354775183522	-5.954539218034462	-38.38361555647268	-12.722703396860993
0	26.545343319733515	20.760354775183522	5.92420831136203	0	28.097130348806402
1370928446.1355271
6	6
-83.21750683395756	14.755958439964271	53.37447201448576	-22.568740737735144	-40.56266093442117	-111.74432077981294
0	14.755958439964271	53.37447201448576	97.88775481671144	2.7341310898398348	0
7717954936.610182
6	7
-53.910449748599454	11.353731682773896	22.00617296148796	-103.44153518872693	-14.358316454293302	-18.642839155553524
0	11.353731682773896	22.00617296148796	0	5.881335534632203	0
5.000205568979262
6	8
-172.67059711147152	-237.85752572538104	43.29318319578564	-67.76103720171494	-80.03423657413177	-75.88277875065846
0	0	43.29318319578564	24.231639794430507	0	0
4960002435.776515
6	9
-83.3015290346573	72.27644446354336	-32.67764979038605	-32.29074133948021	12.52353836865497	-97.52780410380193
0	72.27644446354336	0	0	12.52353836865497	0
303330357.9426033
6	10
37.71738514978957	52.76107360571688	7.433454172722774	-128.01923259614398	-25.285314173880465	-124.01675640959914
37.71738514978957	52.76107360571688	7.433454172722774	0	20.740657679881977	0
2458499893.338476
6	11
7.467477982214306	37.29694525491033	65.7130365524398	-97.2334026351991	-35.32176425086086	-143.41223666637828
7.467477982214306	37.29694525491033	65.7130365524398	0	0	0
2177113418.215547
6	12
-133.0624104661354	-2.2662657695946	-23.257781281230905	-18.702443192730765	-14.433371431697296	-211.34024568079147
0	0.9476030757823906	29.422458902256388	0	0	0
5.000368764342416
6	13
-0.3916829969645139	26.249706239901855	19.273271037090332	-119.84718767526093	47.91643507741204	-146.2536176563501
3.643067938953928	26.249706239901855	19.273271037090332	0	47.91643507741204	0
973786168.346156
6	14
10.78897938924189	77.01539902105226	-155.88844619446976	-146.1186699232015	-92.21648066093083	-513.4581901962803
10.78897938924189	77.01539902105226	0	0	0	0
1751435628.6620696
6	15
-9.650761960631916	-10.44531596524119	-94.03062504768026	-30.505970777209505	-79.34946239166887	-99.52934247954468
10.092348072428313	31.73165862651289	0	95.20848739812132	0	0
22148064698.671013
6	16
-96.80857530295084	-27.779681701781254	9.443288488339533	-232.61384574851064	8.853681739433398	-187.93019627293347
0	0	9.443288488339533	0	8.853681739433398	0
226358468.15418628
6	17
-128.6917115962413	-6.777883697852062	-76.90153220976995	45.9153232097037	32.11148078994798	-68.454915323804
0	8.856726189553346	0	45.9153232097037	32.11148078994798	0
793900505.1619197
6	18
82.0685553127583	14.553602292175965	-170.8393756217521	43.852370006020074	0.13050720931122287	71.6619823321455
82.0685553127583	14.553602292175965	0	43.852370006020074	1.8171573097235272	71.6619823321455
1199313607.2442236
6	19
30.80968154561419	-77.25155272960353	-73.10377606893411	1.965648127093885	29.551421456075012	-96.61515378966507
30.80968154561419	0	0	1.965648127093885	29.551421456075012	0
1748958162.6254985
6	20
-189.94986359600347	-23.463338708572497	35.844582031534436	-19.123866908728058	-12.633272997448572	82.60250684406408
0	4.077062189223451	35.844582031534436	2.644986301647357	19.581678110405264	82.60250684406408
4503896358.104862
6	21
-14.091190279101173	-72.91251009727469	-33.193873185816614	-197.07312196169525	-59.20113458980023	-30.675959025604165
14.841629636836071	0	0	0	0	45.710053136641186
3089736354.3342633
6	22
16.071140019133566	-30.981005213710468	-373.5074852066674	-31.14458274235572	-89.57900065049297	-5.33109829584121
16.071140019133566	0	0	22.105155440876448	0	12.789033843513545
460476222.9550584
6	23
-9.497790070726461	-4.7317844320917875	-69.53048031583276	-10.772193077535636	-186.20639997161925	-29.658720737651638
0	0	0	0	0	11.584817361769883
5317946856.649078
6	24
23.415543406028824	1.5974481726440395	-106.61151319363785	22.54222520164543	-95.10105306049212	-48.723917333493574
23.415543406028824	1.5974481726440395	0	22.54222520164543	0	32.64710127465828
998316526.9132096
