18	0
0.2557843371380671	0.24253749282352127	0.1599194817887847	0.07879014461879313	-0.0564670915522644	0.03648229035151822
0.2557843371380671	0.24253749282352127	0.18486404976964313	0.07879014461879313	0.025360511817492534	0.03648229035151822
5.317756091645516
18	1
-1.6106311005287988	-0.004443942905587642	-0.15429838542594884	-0.03422895101962406	-0.12729092746970577	0.47850508066257535
0	0.11853681881413815	0	0	0	0.47850508066257535
57.468809103720126
18	2
-0.1421819422304369	0.09578337086368283	-0.13759270326322184	0.0749937451808335	-0.030945997453229797	0.07167450538993511
0.14839383895922614	0.17216263393107817	0	0.0749937451808335	0.021082614407717283	0.07167450538993511
4.274939444862157
18	3
-0.24276045227050988	-0.0522924997933268	0.29368457603334214	-0.1563949624078228	-0.06232771713593858	0.06142061143191801
0.09719096345049802	0.09500643859908549	0.29368457603334214	0	0.048095859906638	0.06142061143191801
3.87927720935841
18	4
-0.23470608495162343	0.3083571866177952	-0.09604808098123738	0.03634830865577672	-0.6710135388579087	0.11306805601152595
0.1108503244355224	0.3083571866177952	0.1421795747874099	0.03634830865577672	0	0.11306805601152595
7.748977904883732
18	5
-0.04618851183820316	0.008556916078037826	0.03936927840129792	0.0036949565097040946	0.0003894007288302608	0.03078371609749079
0.20593218596858265	0.13938188882610922	0.10196916468785883	0.0036949565097040946	0.03310537701175516	0.08434607256903653
3.84045922551775
18	6
-0.4516366977991158	0.018912861945785137	0.21329099089895365	0.043411940286157906	0.005193726483322465	0.19103429041368536
0.0005720043607553849	0.023668243609380624	0.21329099089895365	0.043411940286157906	0.0367738232104759	0.19103429041368536
5.182273589874649
18	7
0.05170592850804314	0.010937540647467141	-0.49776529739866165	-0.3288089745119229	0.020239741412894377	0.14289039284576516
0.21074609901593988	0.1229881103357823	0	0	0.04294942278143455	0.14289039284576516
5.000205568979262
18	8
-1.1037278582380599	0.4092182806084152	0.05226592031329245	0.3179081995586362	0.05528766235007546	-0.4950939710008955
0	0.4092182806084152	0.09795023634875705	0.3179081995586362	0.05528766235007546	0
39.85654154131096
18	9
-0.06288810776900342	0.1205298783687141	0.06094375056257499	-0.3158752844936661	-0.0015617062748487067	-0.11737686053093088
0.19797972796350546	0.24004500469609136	0.08979818591686449	0	0.033379622215352844	0.10118930599188256
9.679863735593578
18	10
1.131648940433747	0.6402957219556871	0.05986538176672502	0.08877049278011717	-0.04848672954806951	0.1546206196333067
1.131648940433747	0.6402957219556871	0.11500447604206565	0.08877049278011717	0.1877050982090132	0.1546206196333067
11.196179213715073
18	11
0.579329276957307	0.445367700846331	0.36056701688252923	-0.06621201246652719	-0.10576719002283605	-0.01934909227907899
0.579329276957307	0.445367700846331	0.36056701688252923	0.09433799638692072	0	0.06696398759374872
8.618669680758073
18	12
0.4325751691651274	0.3943976402111938	0.10006914543655729	-0.050346152366114	-0.010791580582785119	0.11532615739769286
0.4325751691651274	0.3943976402111938	0.1029014295226294	0	0.03160205973959308	0.11532615739769286
5.000368764342416
18	13
0.3306094791942816	0.33964577982731564	0.22803690201438692	-0.0383481068642645	0.017297133898439516	0.05358695792099921
0.3918501478357701	0.33964577982731564	0.22803690201438692	0	0.017297133898439516	0.05358695792099921
4.424554134430633
18	14
0.256401857739459	1.4206904914904033	-0.03439968198814986	-2.888348980122626	-0.22383024144586705	-1.169686260418985
0.256401857739459	1.4206904914904033	0.045704910411151246	0	0	0
244.3404990176239
18	15
0.19186358931101255	0.042254685194625254	0.18854514772462594	0.4151690890466928	-0.14862618315040577	-1.0019479981054167
0.19186358931101255	0.057747335227462344	0.18854514772462594	0.4151690890466928	0	0
27.786566275122542
18	16
0.3907525473122607	0.2817110419775522	0.10289741428947849	-0.5389708926105159	0.10406422621684953	-0.5075386505216002
0.4823337837365935	0.2817110419775522	0.10289741428947849	0	0.10406422621684953	0
9.327644803452973
18	17
0.10030987591378941	0.29599487726044194	-0.4520925772641335	0.10104009595269008	-0.000901231888192233	0.0340341140979349
0.3014326937961005	0.29599487726044194	0	0.10104009595269008	0.028950765741696412	0.07142023110464424
12.021129490953726
18	18
-0.2813516582729578	0.09471852714090204	-0.32923495811112863	0.014128479974347815	-0.001800380417789238	0.09918662611540549
0.09248975255075664	0.09471852714090204	0	0.014128479974347815	0.03176936957701225	0.09918662611540549
7.604180603913711
18	19
0.1969029724780939	0.5443410561027544	-0.03839661527996053	0.001793930101544881	-0.25370863776428737	0.04305354077132385
0.1969029724780939	0.5443410561027544	0.04681969229637987	0.001793930101544881	0	0.06785984742706731
7.165641434502655
18	20
-0.04177707191415936	0.01862509252891519	0.4330715125270033	0.007443889141011999	-0.12315437322617086	-0.13281911244958794
0.23678855064873855	0.1359631527359501	0.4330715125270033	0.007443889141011999	0.09618507423491794	0
7.799947562261623
18	21
0.6940352661194041	0.25247503989724507	0.13377045821413847	0.02101140215162739	0.14350198846385068	0.1336419027137474
0.6940352661194041	0.25247503989724507	0.13377045821413847	0.02101140215162739	0.14350198846385068	0.1336419027137474
5.00035326220277
18	22
0.08229136808163963	0.06680169945216191	0.18071890276988864	-0.12243949740443821	0.14460917651916766	0.013446205894982728
0.3008936046795623	0.11341447445446613	0.18071890276988864	0.005798782490775922	0.14460917651916766	0.017885646784300123
4.727669501268038
18	23
0.037934896024914344	0.2564521712605001	-0.05076519428111353	-0.014907428264661049	-0.252764774902389	0.19192290730915912
0.25447552519411265	0.2564521712605001	0.06287146215825376	0	0	0.19192290730915912
5.841394688700262
18	24
0.012025501256462033	0.18977303636404838	-0.21773748987750555	0.05000284998498015	0.12515926208623945	-0.005669128178282613
0.26307110610035417	0.24786203271236504	0.0489624770096381	0.05000284998498015	0.12515926208623945	0.2544285696245885
14.706965482259019
