24	0
-4.869848366405981	-0.4693437572982596	1.774572785775346	-4.491065239320362
401.4161932889283	10.834581070405859	220.3931691793141	88.54828353945916
46833.66533333333
24	1
187.85347638172541	-0.019575747857353443	7.353216337876158	-0.012521107441042924
503.5404412188577	11.090319559216752	226.68459618141011	90.13196186118711
61405.78799999999
24	2
0.062086061215058455	0.002830390126695455	1.1992481365815726	-0.09531998875651226
403.628771496409	11.107595237918348	222.31632010046192	90.11124777297272
40048.82266666666
24	3
0.22323058477855984	-0.15722285191984633	-0.0008606649765494443	0.026008510687290053
403.6030006256093	10.873884947311998	221.7787500937352	90.14705032434908
40598.86533333336
24	4
111.78256862649476	1.4733315674903282e-05	-0.45560573639856716	0.2846940094368594
455.1373346412401	11.10270921030705	221.5327150690021	90.22512843163192
40382.68600000001
24	5
10.587804885749321	0.7475330219824596	150.0	0.07234128315604085
405.319028717326	11.162853214569221	372.65358577546255	90.18928110943467
47703.50466666668
24	6
0.0018330486793900116	0.059862029350730046	-0.05616597828780059	-0.03444285809675641
403.61535307799636	11.141245618832455	221.7524710937572	90.11885734029026
24575.97133333334
24	7
-0.002615286673788985	-0.3571743320751667	120.23315373231169	0.0011463942418317406
403.6126385461786	10.989426112493353	279.71512499466513	90.13758321743886
83230.97200000002
24	8
19.29840888697298	1.0429780987440542	0.5600208752583159	-24.17457198816007
380.0075476523772	12.251213119815345	222.1119069144093	106.50151613375073
41699.93799999999
24	9
7.877051839082114	0.021453503198876508	-1.559910739701197	-0.005340574451430945
387.64615749043463	11.101445346310166	221.94217573240059	90.21099223415082
38838.087333333315
24	10
4.317691729984285	0.001083277694865943	0.3023702226099235	-0.017456771586571683
406.3405978019119	11.103375760516787	221.98370104335703	90.12717287558422
26163.63199999999
24	11
-12.732150794451474	2.2501558286995613	-0.9625161574889889	0.013565620481694242
397.5558850414761	12.210332515272977	221.21559142690433	90.1439040421335
43851.19000000002
24	12
0.0002600591082686764	0.570982784379794	-150.0	-2.5826690102783076
403.61480564269124	10.819445449228846	53.95068438706238	88.41394208632114
42487.61933333335
24	13
25.43796488618567	0.0015194363410038743	-1.9865247860806654	-0.0003878189047919854
421.79594394656834	11.101087696411462	223.80677596478105	90.13837647424383
49912.29200000001
24	14
-0.9760575782446189	2.0854019408031927	0.016268637101577776	-0.004026970681474214
403.0295501999392	12.143786750351286	222.02366790010083	90.13758994432028
67499.12799999998
