17	0
0.0	-0.041580360285238135	0.010131703621440695	-2.2694188793389585	0.08259180667096323	0.0
10.0	94.07656384775996	94.08585950355592	68.51442358791384	0.08259180667096323	0.0
7.27714495327199
17	1
0.0	-0.05839675120379334	-0.652844545920773	-0.3068168591749642	0.00984227444404439	0.0
10.0	94.07572779993448	94.07572779993448	69.93631534722981	0.00984227444404439	0.0
7.076713893459622
17	2
0.0	-0.010780733342553177	0.20136820149988427	12.199326760561737	0.04748879372129017	0.0
10.0	94.07572779993448	94.27709600143437	73.51708603611472	0.04748879372129017	0.0
7.27714495327199
17	3
0.0	-0.00889843719916695	-0.05910944725051402	-3.106152463709093	0.0001811858376367307	0.0
10.0	94.07572779993448	94.07572779993448	70.31263617639843	0.0001811858376367307	0.0
7.521116953991885
17	4
0.0	0.01325412918713211	-0.00748241654883903	-0.5910941998685616	0.10456493545482659	0.0
10.0	94.08898192912162	94.07572779993448	69.21073246362225	0.10456493545482659	0.0
7.076713893459622
17	5
0.0	0.0028653689026548355	0.02433043442182562	-3.647132538776691	0.13655835909598024	0.0
10.0	94.07859316883714	94.10005823435631	67.75052692405042	0.13655835909598024	0.0
7.076713893459622
17	6
0.0	0.0024991005288811825	-0.01909755199643029	-13.5	-0.026070456649651953	0.0
10.0	94.07822690046336	94.07572779993448	64.64878976727515	0	0.0
7.15445429000969
17	7
0.0	-0.004545042705658064	-0.014374046030277126	-10.443174199449734	-0.24347980411818504	0.0
10.0	94.07762823743181	94.10834830176353	63.01301837893097	0	0.0
7.27714495327199
17	8
0.0	-0.015772011539295458	-0.3129811098368869	3.8222142835842954	0.01510435971893593	0.0
10.0	94.08861609604787	94.07572779993448	71.87019970348545	0.01510435971893593	0.0
7.27714495327199
17	9
0.0	0.012435921903546875	-0.6495888528175928	0.9111058558561231	-0.010447528611670942	0.0
10.0	94.09015339760299	94.07572779993448	70.2716673152379	0	0.0
7.076713893459622
