0	0
0.15	-0.07690848404601516	-0.05468258488679111	-0.03270419489210914	-0.04025377429343607
0.5682123182129764	0.42309151595398486	29.94531741511321	249.96729580510788	99.95974622570657
50.416
0	1
-0.15	0.01602630261856991	-12.0	35.536848650753804	13.5
0.016748020611364378	0.2338891529997819	26.85239005822754	185.5547432355588	100
100.416
0	2
-0.15	0.15	-12.0	36.0	13.5
0.45611033679709284	0.378894357102459	10	250	100
100.416
0	3
-0.15	0.15	-12.0	36.0	0.045022697774423845
0.133013388391932	0.734251347249637	58.07949274130717	234.18899636423708	99.96287603580093
100.416
0	4
0.008839185057197302	0.07352932316338226	-7.58916200007757	36.0	13.5
0.36177654356891187	0.3916384949970284	36.2458252015334	250	93.84193434550242
1405.328
0	5
-0.15	0.1497634797425764	-1.6281769394821315	9.380145247041249	13.5
0.20930153421788966	0.7448672834813138	29.57339662921712	175.5835011106953	100
100.416
0	6
0.05045229354197049	0.15	-12.0	36.0	13.5
0.12081883381102658	0.6218975580096789	10	250	100
1821.48
0	7
-0.15	0.15	12.0	36.0	13.5
0.29443584012397855	0.5418972246408016	45.93499557723204	250	100
100.416
0	8
-0.14828912540220934	-0.15	-12.0	14.216032496698205	13.5
0.7806191105413087	0	10	248.8679600628498	100
100.416
0	9
-0.15	-0.15	-12.0	9.022380616988825	13.5
0.19791618662671273	0	10	219.18359673004835	100
387.92
0	10
-0.15	0.15	-12.0	36.0	13.5
0.3812256285830933	1	50.287085831492966	132.7629256091953	100
100.416
0	11
0.15	-0.15	-8.878396708253224	25.915760265223835	2.2066899283509107
0.6329690220669378	0.5861628088793239	41.75810910125621	44.94162360095115	22.95585815408388
260.37600000000003
0	12
-0.15	-0.01025522626378983	-12.0	36.0	13.5
0.1401510543371146	0.8322374214155043	23.668381665247207	250	100
521.816
0	13
-0.15	-0.15	4.755757315579823	12.850242327233328	13.5
0.15957204438922112	0.09496616472610331	28.978495507811523	126.26931411523572	100
136.38400000000001
0	14
-0.05915493047023606	0.011407513725588125	-11.77287028547945	36.0	13.5
0.15396785257186657	0.4467894750570883	54.83034353500904	250	100
93.904
