21	0
2.129983370348834	0.0003346560013259391	-129.39596634693487	-1.1220668718968712	0.590336588610415	4.736751592699389
14.828846002345704	10.000334656001327	2030.5477424612945	46.0962315330085	75.29660917203374	209.32332771398399
3654.4557820467244
21	1
0.0020291899968696014	0.0007753919419024254	4.540353559835927	-4.231704264965348	3.1750740957162638	0.02469321653378042
13.847919510351902	10.000775391941902	2082.1631173711658	44.289128740599025	76.1979833962336	206.07862518462196
3482.06188661352
21	2
0.5491637901470509	0.0004969346530405417	-0.20448309906944434	0.44371381452007164	14.25	-0.004221381626405372
14.02635613898772	10.000496934653041	2082.383607783796	46.275554924835326	94.30222094854642	206.0598602385793
3704.235567424734
21	3
-0.06431775610899879	-0.0019211857943356521	313.50796562980713	0.20718567114813738	-9.283683891944882	-0.2842034574581288
13.804377817352377	10.000632057611075	2233.2140827429803	46.58884658594919	75.75271658208095	205.88577397241002
3375.2006603057052
21	4
-0.08860150891289477	-0.000141405306062305	-447.0	0.2770283372373452	14.25	-3.5527160233713126
13.80663362752471	10.00039631497935	234.0084997882368	46.506603381738124	77.50386417295206	213.42975598228142
3491.7959788567514
21	5
-0.0004629934597642632	9.822630640190324e-05	-409.96938880249735	9.035530114901588	5.713349129084314	-0.052352699644705875
13.897971137837992	10.000098226306402	1781.7418916752406	52.628741957713714	39.95828058532259	206.0254252711374
3313.060249562327
21	6
0.010073611717753521	0.00036549890197135315	447.0	0.47858559817492563	-0.1516230314070612	1.0775039389544658
13.852981363516404	10.00036549890197	2208.8673506624227	46.666829656081426	75.13960411073705	206.80132373799225
3629.9429190319343
21	7
0.5619184834358082	0.0002418304126814004	-0.06566369726871125	-0.6226996439418107	-0.4515254356742612	0.04582101011732875
14.128367105527044	10.000241830412682	2082.495895803559	46.651956597393415	74.80836503183492	206.0994884556656
3409.8649468205954
21	8
-0.05443959677317687	-0.032675677542567665	-75.42341259003022	0.002598650005187309	-0.15090217953732862	0.6279940038962998
13.845751804365198	10	2056.9318675708673	46.71269911035814	74.97496157225545	206.3111910424199
3257.6996768868066
21	9
0.002681180155376174	9.400445729481435e-05	15.717256998710846	0.005266056166823806	-9.471974871651552	0.4941995862616663
13.848542968971538	10.000094004457296	2090.1304897502305	46.67806063355221	84.70192676577699	206.0093473499957
3531.2683250698974
21	10
-2.154517957600676	-0.0002761263779212258	1.3945741022133542	0.09311730253910039	14.25	-0.19440077547742768
12.571148467107825	10	2082.861518984156	46.75979529491486	85.6985465094546	205.95358376016728
3419.1209904720736
21	11
-0.708869212157573	-0.00020756622114848024	35.153927964152864	0.4165598361105343	0.11188905572018319	0.6911246751366792
13.531721873425072	10	2110.8105698598706	46.40012261666577	74.99835856334089	206.47598264062887
3448.225229584805
21	12
0.020090208225556457	-0.002959014536002873	-208.98743546974967	1.0530404024873832	-0.000797831828236774	-0.0010752393060718963
13.862757152400436	10	2310.9096454659	47.19507198081357	75.00793063177372	206.06164926846765
3389.4609849293247
21	13
0.04282683110941401	-0.005375225069019695	-1.3413880574813235	0.003420335585267889	-0.029909806893769052	0.35782934562738683
13.860675142683467	10	2081.886822000321	46.71840495432314	74.97121963887875	206.1318940471805
3488.370564011225
21	14
0.1853290897155279	0.0009085438381715112	-0.850163774180526	1.088081520132332	-0.20246584170814852	-2.811355925257187
13.977203953872184	10.000908543838172	2082.1190324365107	47.11598272807165	74.96644767789951	204.1012430959406
3643.2372475997663
21	15
0.005400965675286672	-8.787562024255803e-05	15.83227299821123	-0.06594241590347599	-5.982199214197555	-0.0928749054886214
13.85041852052877	10.00121424996953	2086.2463377739773	46.68521102106026	72.22712579203713	206.17803345247236
3526.468297483829
21	16
0.004488310084105521	-0.0029541650099772915	-0.2279199799795498	0.21489512038927247	14.25	-0.002357973374312613
13.836981514867745	10	2082.4805023543013	46.88486741631826	92.99168121438223	206.060759810355
3477.1355789632034
21	17
0.006205802997764314	6.64302521191893e-05	-447.0	0.049110295476046464	-1.6644142979189984	-0.0064387756444122535
13.848978937918474	10.000066430252119	1765.0340815475065	46.717114083593074	74.15979833480004	206.05755272530754
3595.383684081601
21	18
-4.307549320788105e-05	3.0350045005933753e-05	-2.1808750181590053	-0.010011350814542028	-0.17987857765174947	-0.0013590881402872788
13.846825000458093	10.000030350045005	2080.974471895505	46.70683783081061	74.8542596133299	206.06136772411298
3187.208898221246
21	19
0.0029259461546944044	0.00018314598390253633	-21.721749110874267	-1.1074070214689977	-0.017557655655358564	0.34407863608516664
13.846021379873719	10.000183145983902	2072.8666738303114	46.511828305689775	74.96980412893004	206.2957010672297
3578.1031873681845
