11	0
0.0	-0.2911159544777454	8.28607365011206	1.021820121669542	-0.029480375054863558	0.015006409666914581
0.0	97.77805317849328	202.72974021478004	13.966310467963279	2.716540829011493	244.6242846811518
1351.6639069170637
11	1
0.0	-5.520690417376613	-2.2429011739251776	1.449326821671914	-0.1804651276681246	0.2135287219317772
0.0	101.38421466622852	195.9324931211415	12.563869547939372	2.046448149309203	244.439004083473
994.2914794646102
11	2
0.0	-11.788667327408884	-0.9262946778468648	-0.9599135986731292	-0.08065178497092018	0.2576852537042023
0.0	94.07570833333334	196.74163479501303	11.12549458824434	2.6956921149388475	244.68157867883406
1050.1176079883382
11	3
0.0	0.11623302205838341	1.056232184929707	-0.34383660570054986	-0.08634883568947474	-0.027729867193927917
0.0	98.00682871167591	197.89356751613246	11.885246171017078	2.7474881444132913	244.61686454979107
1004.7002365761346
11	4
0.0	10.935651690332206	3.366070514227644	-0.0023529037076844787	-0.8340483585277153	-0.6805187975172978
0.0	105.01136002366555	199.5400730418861	11.740988295824215	2.2158591231961147	244.29874779396448
884.4515524568144
11	5
0.0	0.35733837474431895	-0.20448888596470916	13.5	8.841447519045124	0.0856462504517769
0.0	98.06835456979385	197.33238209601393	23.959876289239126	8.841447519045124	244.54565412180233
1437.429347423326
11	6
0.0	-1.4258134479684028	-0.01089088734565275	-3.337229844748292	-1.7206121108153851	-0.2225202148263658
0.0	98.2096627937854	197.39201418143335	11.040621859928942	1.9247280247097935	244.47445352444998
1200.5810011674366
11	7
0.0	-0.8533533165100504	6.924801243215381	4.450305788141159	-0.14777905198110186	-0.10001551391680305
0.0	97.52748069965796	198.83266542732235	9.450305788141158	2.647600628072292	244.5478303274861
1105.9062392637202
11	8
0.0	1.6868522658207956	0.020604178051237015	-0.22856476785928323	-0.32742106874213683	-0.031193935111637257
0.0	97.31450893683994	197.42385624829103	11.605237457297836	2.906768383977286	244.60219992054405
1398.246199546901
11	9
0.0	3.5268496777421214	-280.2911604728761	1.0280210910537346	-0.18716478675438677	0.6584394927867611
0.0	100.13408303279896	94.07570833333334	9.931136669650305	2.639664741126019	244.51523972697663
912.4974522892558
