0	0
0.0	-133.37279608415264	131.4165943423537	12.808270890435443	-24.70052720731475	0.0
0.0	148.8543873156508	695.8709611419606	62.808270890435445	103.29947279268525	0.0
7850.48703253221
0	1
0.0	-203.20357204785844	-668.8784246575341	-21.0	-896.8838400000001	0.0
0.0	193.64390797804947	193.62912759832602	5	0	0.0
9667.200564304807
0	2
0.0	-203.20357204785844	-545.5926872335182	-21.0	-896.8838400000001	0.0
0.0	660.7834929804685	407.6061054283923	5	0	0.0
8798.496609705422
0	3
0.0	-203.20357204785844	-668.8784246575341	-21.0	353.69736230758826	0.0
0.0	56.445436679960686	56.445436679960686	145	716.4182145841744	0.0
10239.704136304461
0	4
0.0	-203.20357204785844	-668.8784246575341	-21.0	877.3563647237685	0.0
0.0	144.34478053375867	56.445436679960686	145	1020.3479857428372	0.0
10741.005899619544
0	5
0.0	-203.20357204785844	-541.8004513365111	-21.0	-743.3336670316585	0.0
0.0	1029.8768907927124	56.445436679960686	5	0	0.0
10800.032000000001
0	6
0.0	-119.36404410963179	-668.8784246575341	-21.0	-566.2272452734953	0.0
0.0	458.5033108833876	56.445436679960686	12.586801910103375	0	0.0
11093.633317544036
0	7
0.0	-203.20357204785844	-668.8784246575341	-21.0	-896.8838400000001	0.0
0.0	56.445436679960686	56.445436679960686	5	0	0.0
10857.52192265659
0	8
0.0	142.35739276933836	-668.8784246575341	-21.0	-762.3835045351277	0.0
0.0	984.1101419948245	56.445436679960686	19.932767532364068	0	0.0
9177.244504291522
0	9
0.0	33.46513157201133	668.8784246575341	-14.59727595690137	412.712098258094	0.0
0.0	1080.852052113338	1156.0608479979292	48.31325289137747	926.5038760770718	0.0
10800.032000000001
0	10
0.0	-203.20357204785844	-668.8784246575341	21.0	670.7882578733063	0.0
0.0	158.63692237794578	56.445436679960686	89.47322103180736	1086.5322025229063	0.0
10996.905700969963
0	11
0.0	33.61829042610585	668.8784246575341	-2.3300507915450073	-115.56624762131594	0.0
0.0	340.6434552433106	1253.5380389440954	58.20831158125014	402.0124574922928	0.0
11632.133191338484
0	12
0.0	27.27020932058599	-668.8784246575341	21.0	-800.3990754819753	0.0
0.0	327.99059063392383	56.445436679960686	85.66777524972802	0	0.0
11220.027116911744
0	13
0.0	-195.63472051484416	298.19815097445564	-21.0	-665.0098813073246	0.0
0.0	1170.1853138805436	568.3711462849651	112.30501535363501	0	0.0
8813.592671383412
0	14
0.0	-203.20357204785844	-668.8784246575341	-21.0	339.2422750982015	0.0
0.0	56.445436679960686	56.445436679960686	57.38855902251161	879.5013006305022	0.0
10800.032000000001
