13	0
0.0	-5.361398278583634	0.2656389859500038	-0.6323743538531325	0.025906152880572745	0.0
10.0	94.07572779993448	120.69048634804948	73.8897778640829	1.8305536167975618	0.0
7.2161368459167265
13	1
0.0	-7.0556543019010665	26.97935041138182	-13.5	-2.2738257165751983	0.0
10.0	97.93734982882683	139.80407630243175	63.01702349325134	1.0967192942452555	0.0
8.619738974346703
13	2
0.0	-2.8102798287097923	-52.41998274324623	1.1025349722774662	-1.2132965083277778	0.0
10.0	94.07572779993448	109.63359143098145	74.94867249559397	1.0069330636281064	0.0
8.316404811293548
13	3
0.0	0.26452513214340934	4.089183111410868	-13.5	-2.631924302174682	0.0
10.0	94.34025293207789	123.55573148352798	68.95313945111577	1.1390875091515258	0.0
7.733253419548823
13	4
0.0	2.430859000359042	3.115681133385548	-9.89313621141889	0.9302385601565084	0.0
10.0	96.63416623617408	123.83003433426427	71.69891417084752	0.9302385601565084	0.0
8.201309656405195
13	5
0.0	-1.422912203694223	-1.2596917585201926	13.5	-5.94118965160327	0.0
10.0	95.18169808681729	119.41460801534218	85.66718139830093	0.030584971324118193	0.0
10.790256172940719
13	6
0.0	2.500917073872596	-3.4829409264458056	-13.5	-2.6792035399260663	0.0
10.0	96.57664487380708	118.98578981044709	58.61066808238309	1.1157622365550415	0.0
7.954874808248293
13	7
0.0	-0.16702755513742826	80.96931065217176	13.5	-1.7964779016695764	0.0
10.0	94.08879520256919	175.04503845210624	79.7862204144858	0.6515595375487628	0.0
8.23172686591151
13	8
0.0	-8.14662999375259	-1.6204673707163484	-11.358403359826523	-6.133906858893575	0.0
10.0	94.07572779993448	119.67374220485598	70.94607122621896	0	0.0
7.437758234616196
13	9
0.0	-7.676590712559455	-46.6719455221239	-2.250876439849871	-0.8088260850383606	0.0
10.0	94.07572779993448	94.07572779993448	74.5652465415435	1.6841238769846445	0.0
7.733253419548823
