23	0
0.5095476260268661	0.00020519079000786756	-24.77906978495983	-2.05011594757534	0.43586516198376335	4.655479095888959
12.557749564898366	10.000205190790007	2080.3897091081	45.62980670274069	75.21281789238213	206.70972417567603
3585.883926704091
23	1
0.0029365606411237105	0.00024435144035273737	1.3288740840434128	0.011174526225496806	1.0584277622174758	0.09418588662134983
13.848711686184707	10.000244351440353	2083.1375807936392	46.42308855475784	75.69616906761138	206.12551397022327
3482.06188661352
23	2
0.3133063775742225	0.0002628511754919351	-0.2007705239137828	0.4893362305348727	14.25	-0.005367758036012968
13.685520953229323	10.000262851175492	2082.4048387175194	46.97101899123751	89.67256441285582	206.059847728425
3704.235567424734
23	3
-0.05414561712997684	0.00013318183026000822	447.0	-0.15112588813460387	-0.31670634594015745	-0.12381906719964927
13.81417141001413	10.00013318183026	2510.5954531541456	46.709495275722205	75.05787902875208	205.98505339330873
3375.2006603057052
23	4
-0.12160834381311189	0.00015264568848087607	-305.59795612047185	0.0024249936724432195	1.1467968810139295	0.360697489312954
13.785085230207414	10.00015264568848	1988.7684132950972	46.698251343368156	74.85483840899683	207.94011621440097
3491.7959788567514
23	5
0.32712713720975617	2.2888438074827924e-05	-447.0	2.4688327779661616	-3.160110623077992	-0.09621862601720448
14.076396143667171	10.000022888438075	1205.6170972836483	42.304703561614794	93.25594873155224	205.99621730456812
3313.060249562327
23	6
0.00835950532641563	0.00018780056513266705	366.77279410382755	0.07475102678076449	0.3913318459491731	0.4806739019394234
13.85177989657078	10.000187800565133	2210.4156382141455	46.67195165789896	75.15888883426966	205.3571546786503
3629.9429190319343
23	7
-0.04043985605354777	0.00012614249097569666	-0.0047589059970623016	-0.3166617427081717	0.05544362893644307	0.09529379821671072
13.897315763957023	10.000126142490975	2082.5202918693353	46.55290459220384	74.96086740631834	206.1150371641191
3409.8649468205954
23	8
-0.017813789368115285	-0.015266656591167677	-37.73450833803838	0.0004741904385461876	-0.010285955414188407	0.13886820832818003
13.840646467144586	10	2059.40162236241	46.71385808988867	75.00803663982168	205.82660020847797
3257.6996768868066
23	9
0.002809456394068439	4.420073341225296e-05	-1.1122712065252485	-0.16839718657395314	-14.25	0.11897535044919325
13.84663188906709	10.000044200733413	2082.4174572310785	46.59973894122619	56.32646671363097	206.08964304656516
3531.2683250698974
23	10
-1.6983144927923566	-1.607753176158742e-05	0.9614731531846565	0.0586300640141084	-7.087537106383001	0.11984052234513314
14.663632995590099	10.000034508820674	2082.818203092697	46.74036960085321	74.07938422787429	206.1225904578047
3419.1209904720736
23	11
-1.5445247585521786	-7.592491157430253e-05	52.762983082720886	-0.4930441322164619	0.05679860334912769	1.5717571758001692
12.953818384380842	10	2087.308732634713	46.43181290563704	74.98918317705129	206.8656107352324
3448.225229584805
23	12
0.0003961040215973346	-0.0012314972379965671	408.1596696099472	0.010003776695884481	0.04905215793415254	-0.0027510872899548216
13.848573891870442	10	2161.9473109414707	46.77342762680161	74.97751202036169	206.06046654162628
3389.4609849293247
23	13
0.05334402419084219	-0.0004865652058465581	-2.1742529251883376	-0.0007286694971620342	-0.06134478555189928	0.17769361626142413
13.876225447803932	10.000498176026797	2081.887625262232	46.71406020740176	74.94085065509695	206.10024491388612
3488.370564011225
23	14
-0.0004998474947302562	0.0003114061861004005	-0.8444106490659661	1.638681882124278	-0.17636834053753817	0.2340470415948973
13.912183284981266	10.0003114061861	2082.1896172025204	47.636498658324314	74.85793519115913	205.3862875527328
3643.2372475997663
23	15
0.0007822266093406892	0.000321750029373586	12.048102889849195	0.0030245962353972478	-1.1784934803651006	-0.22166774741615147
13.847507744894587	10.000321750029373	2083.8333894684665	46.704306517353565	74.56202884473498	205.91998894419962
3526.468297483829
23	16
-0.02259018730844361	-0.0005907584236832469	-0.1387438336042803	0.41063962886335637	14.25	-0.0056777058135408336
13.833793813416767	10	2082.509574549475	46.84073272789959	100	206.0598952628304
3477.1355789632034
23	17
0.004189012630002499	2.4943089057422185e-05	-435.6465590756196	0.011639177793572495	-2.911422547440641	-0.0018134397907658439
13.845400190719099	10.000024943089057	2068.933543153617	46.71802936242712	72.93676124803935	206.06244467598745
3595.383684081601
23	18
-6.464453124521833e-05	1.0083357482414579e-05	-4.465458684988028	-0.03566822618341644	0.05624690878892462	-0.0012342635744289811
13.846831093461601	10.000010083357482	2081.8347065046296	46.688337987923624	75.0122690519165	206.06136739253324
3187.208898221246
23	19
-0.0013292603527432698	7.578403815230546e-05	1.0577001610998158	-0.896230255767745	-0.01602904078459932	0.13202559308851328
13.84590419739013	10.000075784038152	2080.7859195832953	46.13910551660727	74.9735981433329	205.97357519876448
3578.1031873681845
