42	0
0.051377260029413535	0.02189793981008595	-0.03469123458811879	0.001463584114237177	0.013433941911730776	0.0010333930764256543
0.6974362795083738	0.4543488363637488	0.19059270372924433	0.0237004663782984	0.024629800184137886	0.0012556218510524964
0.6397915941192418
42	1
0.008907027909964275	0.0313690129546977	0.0001298919989832616	0.004514591877214463	0.06143681077948836	0.001040230866480256
0.6671500764036802	0.46062884508640073	0.18729200767943005	0.019979869239860296	0.06143681077948836	0.001040230866480256
0.6247717829693209
42	2
0.00494599501591892	0.0002222827797012262	0.006972323040855281	0.01400618599071305	0.012744254265599348	0.0008436117614918217
0.6681880385232007	0.44751147467905644	0.18761807655318208	0.024250004938920218	0.023982568579662453	0.0009678745243025659
0.6679778275265829
42	3
0.005323710088745286	-0.05048419399338698	0.0551217542422621	0.012575072374325955	0.005493465031876744	0.0028795555014014883
0.6682698697952982	0.554371367981222	0.2141647294793747	0.03898491868830037	0.015531462868618161	0.0032302966496011625
1.4204727190073008
42	4
0.05350267024067021	0.01780521654136755	-0.01217703832428778	0.01705284225142606	0.036216920238691185	0.0020734493504777525
0.704269087465133	0.45571108594915294	0.18527721197619224	0.03984647582334722	0.036216920238691185	0.0025321264716065004
0.6601420062520449
42	5
-0.0023409111105351906	0.02218505821672708	-0.0762645439781571	0.03879412639606848	0.052613963601610796	0.003681333728310841
0.6639187611718346	0.45411395914136743	0.13797554949809476	0.05938976230364444	0.052613963601610796	0.003681333728310841
0.6269464536242628
42	6
-0.056698300283852886	0.0532160874656941	-0.02223050093844471	0.021791205888804496	0.014737500893175107	0.003253157782235538
0.6258178213555727	0.4598005393805758	0.17459221644342438	0.03340691653515271	0.014737500893175107	0.0033470866164943534
1.0279327009380617
42	7
0.0009032761150223326	-0.0019640374057694147	0.002584744002248064	0.024843128650517108	0.021815893316787502	0.00047623240771471224
0.6653292574314282	0.44153132844601883	0.18936677336517646	0.04527060959645339	0.03168221105915535	0.0019939207207047755
0.6020029429774758
42	8
-0.00094303760815357	-0.0033458762586288235	-0.0010583695532289572	-0.004942836117027904	-0.0019282797242393028	-0.00033184282984619073
0.6645326334565087	0.4412415430691547	0.18698859373796414	0.032710900523775385	0.014542382823250936	0.0014795263287028853
0.5925520222153161
42	9
0.29121198410247917	0.026905299882132278	-0.1836169890785799	0.03807587704747105	0.0017004236775523532	0.004033996892253859
0.8671905635114192	0.4616760289616677	0.096479756668191	0.05625404979834283	0.021486639378768622	0.004265266022868405
0.7185269043851019
42	10
0.0021390103728640077	0.025622537220751695	-0.24184049181646847	0.071265104734423	0.04420718694416731	0.003962082612991729
0.6649695334534532	0.460815796832905	0.02111625967454181	0.071265104734423	0.04420718694416731	0.003962082612991729
0.7879487793538084
42	11
-0.00041503551521976763	-0.004372835208019944	-0.04423157522872075	0.011395034177697171	0.006300063959303703	0.0007042966302642065
0.6648573388589946	0.4360239081576968	0.16389354649933335	0.03788916021942211	0.016631207289877305	0.0009929576756145563
0.6184187968919462
42	12
0.0022780808251501904	0.011528192503228942	-0.00959784957164516	0.03841611094589702	0.006407313057180979	0.0015998381863111986
0.6634519058134809	0.4478744440875686	0.18317506430085342	0.05093273615039021	0.0192224466411503	0.0018750298784935195
0.6408701279223102
42	13
0.02929104294039523	0.030631524496830334	3.1499162293741425e-06	0.04931343897836482	0.010722839356801869	0.0019821876807828796
0.6862080536555552	0.46136086810822097	0.18842119625624407	0.07038859930469693	0.017640205779476045	0.0022322582088920595
0.6144632673209759
42	14
0.003900948568415755	0.027093017957765978	-0.11914090266146818	0.012371780947924908	0.00809376118039931	0.0011266238848728768
0.6657643771217928	0.4610628795264145	0.13981886860493856	0.03178019369209652	0.0200512848289365	0.0011266238848728768
0.6742271066140717
42	15
0.0009082835180896357	0.004789583378789317	0.020037177835628237	0.08920007284767484	0.02005716858676276	0.0021833173848830652
0.6642937451809979	0.4456148014771954	0.20087485959712514	0.08920007284767484	0.02297156952617127	0.00225600144068539
0.6108466484357636
42	16
1.1920396224724215	0.07841850345953241	0.007550748846198899	0.05599627965943234	0.011731220009554474	0.0017986993932689178
1.1920396224724215	0.48354374063598515	0.1927080480853527	0.07501417283056049	0.018690177249651052	0.002203883345409908
0.8764542781228087
42	17
-0.13973067604240874	-0.03008465933548137	-0.07284276498442799	0.026205350819801528	0.002575767683664288	0.0020639054744528455
0.6147598663328161	0.4254671804083723	0.13725797804866882	0.048084591404302296	0.019254505458923273	0.00290852768999955
0.670337589042638
42	18
-0.001709041858509209	0.026533254277679802	0.011989455082591928	0.07225913571174791	0.007171628805307255	0.00010848932894549401
0.665919680029414	0.46201742077472285	0.19196595261123972	0.08018607883994591	0.018660537099254894	0.0005422544732784508
0.6051811325294666
42	19
0.060134102617275594	0.011703811775235346	-0.0004320158450364724	0.01173784530938948	0.0013726134114868652	0.0027175421035972517
0.6633366142834362	0.44997870175304855	0.18697229602896087	0.01173784530938948	0.015425416340233122	0.00289652867423513
0.6377544799276639
42	20
0.009972907705037535	0.0038666302571989785	-0.10484847090176189	0.0128756148792598	0.011846719869930477	0.00047847107443442077
0.6651631765371536	0.4384250585577787	0.13583169322059552	0.035956813390880776	0.021187253207542923	0.0009253956212362626
0.6572611826883863
42	21
0.0064141075498872855	0.019326418579940052	0.006682892416412598	0.04357235495313828	0.013017181428845132	0.0005963823643006167
0.6701208284507103	0.45438969196881074	0.19116234690993392	0.04357235495313828	0.024294102927749382	0.0009942489006550322
0.6008638359140733
42	22
0.04641449118198861	0.017187712500701793	0.0023676770103234963	0.012670154542817537	0.012421565481952584	0.00164814193333882
0.6878010880541815	0.450345625109776	0.1862682256977551	0.04236980774257224	0.02172722120853341	0.0019401349799500578
0.6247467924023997
42	23
0.0018085695321192268	0.02629672883658378	0.0021571241232668198	0.009836144918674326	0.006511943549476847	0.005048079917955081
0.6646131866891956	0.4602799484216049	0.18825425491380898	0.03279741596051951	0.018572506359757622	0.005196966999787972
0.5987158616703373
42	24
-0.007930024287550408	0.007523047748655869	-0.03293176743090889	0.03314364174787125	0.03196672086632594	-0.00013440948573245441
0.6638786596243582	0.4398273733765768	0.16841081140743927	0.04345388218600253	0.03510636612125726	0.001078576421944857
0.686687148393487
