30	0
0.031132085846956266	0.08444322647257804	-0.18854930774271345	0.00015868171911134437	-0.09642601166214693	-0.001688761825828291
0.6904537352078975	0.42097753715479	0.04233253076607796	0.008033508271755337	0	0.0472884047618936
3.6886516148539608
30	1
-0.04823202046576393	0.10518867218940808	0.009025431430695433	-0.012247614877844017	0.010355916760816678	0.1633031088747306
0.6433950125801484	0.4967596265771824	0.19169684945645607	0.016602871827470694	0.06134466209173886	0.1633031088747306
1.5690253988109868
30	2
0.009626111144086461	-0.005186401467178211	0.015411104881431386	0.0013113654982716617	-0.05849013363127412	0.03182458825424568
0.6698390560920431	0.42741641295378496	0.1861315601070859	0.008629442462581094	0	0.06952003127216265
0.9555607990944727
30	3
-0.0025655300289726167	-0.027449505127315962	0.07317696990844616	-0.025894256503925572	-0.07380069694859673	0.006786445510547247
0.6693390778529733	0.31350844366533764	0.19799212164092378	0	0.003264711950615229	0.03506926174027632
2.406624158853805
30	4
-0.2841254295099831	-0.58880249769331	0.011768449326268316	0.003265150214981796	-0.15612912270123555	0.01040335430167836
0.5945655460164296	0.04450534756193025	0.17956701751776094	0.010651721841418101	0	0.048975642837439305
7.748977904883732
30	5
0.058299644774849425	-0.07738197093824056	0.05873890329619543	-0.004492977140474832	-0.14278064783666428	0.03606644038212257
0.6648983178821084	0.3774541536812034	0.21441316067399588	0.006631559490430167	0	0.07222018387076415
1.1426834744647543
30	6
-0.25234390919341787	0.7657135224491035	-0.014886606451821568	0.0036609864520212253	-0.002664550939831796	0.03679749933443154
0.5241375055110333	0.953647043524346	0.1768383330057933	0.007903279579386274	0.0360636973900118	0.03679749933443154
3.9127290201123746
30	7
0.7807246557170685	-0.009820224662242453	0.28671105114875156	-0.0008348542142162491	0.0014245202596051259	0.007834071986529127
1.1679519513855046	0.42295874696033653	0.36862489849012436	0.007398043015450432	0.02059629827727117	0.046451527598656304
1.999792612281211
30	8
-0.0018771315767073086	0.10795679574579045	0.006319280433522198	-0.0006643517408067802	-0.033682765422475246	-0.28636375704481065
0.6627543375534087	0.16044124543310848	0.1775964950189632	0.004599064455713676	0.0015554662865383678	0
3.4372644923633455
30	9
0.03498572884962749	-0.017471263966198046	0.042299739676249566	0.021622123072178617	-0.21921859419715983	0.0060429404481098315
0.6963046466050915	0.43437358935345705	0.18341660081028793	0.023001528557610573	0	0.048977142839329094
1.7027427256955872
30	10
-0.2995459189310614	0.06973954858269764	-0.32311033569349557	-4.217207382276706e-05	-0.19012005967417084	0.05518414593683418
0.4570119416306093	0.43334262740227275	0	0.007941038893991073	0	0.08446867705117174
8.852644390945162
30	11
0.029442129707885185	-0.21117584436349912	0.008356162272400033	0.0010101718264416172	-0.2936274602014408	-0.0365687931918209
0.6569658952671952	0.34480608774736365	0.1792376739898502	0.009390025187206637	0	0.0480943230918646
5.304666028252168
30	12
0.0053139178661380715	0.0053953595291997575	-0.0006513412065652403	-0.020876708671855416	-0.10820458883278099	0.019305724434307524
0.6678345652808586	0.4326994810690795	0.1754559589903373	0.008145861345640857	0	0.05489906042017635
0.9796118994673005
30	13
0.3992045507912655	-0.004010796556803321	0.002126302341372988	0.0020699981672224403	0.0013844444135702738	0.07328914693309664
0.8674786189661788	0.42827472768811875	0.1744601139973814	0.009738175717641816	0.006160002557465578	0.10106113926197449
3.6868105117240733
30	14
0.03346472273650534	-0.0404855667826051	0.024746042486202532	-0.00932550756682192	-0.04978269190856331	0.005102881842403958
0.6940340640842703	0.4068046537715338	0.16801888332941572	0.004754846385754461	0	0.04092405954837748
1.0407208968664434
30	15
-0.04559660757772289	0.04182093662132105	0.013741198084740976	0.00046278091223164193	-0.17873460634208452	-0.0500006460621277
0.6193310017653036	0.4289567134403083	0.17430169176679428	0.007644495789652285	0	0.0307901240585777
2.0327159157721724
30	16
0.032295214360274535	0.07268358706482525	0.006513296977672398	0.0031402759844042613	-0.025179181241783092	-0.011057204641252823
0.694024737348684	0.447761857045916	0.1783031894752546	0.010539144585558003	0	0.04459293705128323
1.4406721797900346
30	17
-0.8752113021095872	-0.04361642768941138	0.05161709824262933	0.019975757752163717	-0.0030494794734081745	7.441036131937591e-05
0.837453000392591	0.40433080891582307	0.21135180741609944	0.019975757752163717	0.05539697793030637	0.045683887966111815
2.9941892912817587
30	18
-0.010426022630511796	0.0032146187912892674	-0.016902782572241086	-0.014220804644304846	-0.09366210182224985	0.016087357505019027
0.6615085909361705	0.43076648544982815	0.1790007034297769	0.001435922361185886	0.02692423311068079	0.05349920451146424
1.8490547965644126
30	19
-0.005724469973931562	0.005441641565272059	-0.0030285993179555762	-0.00030376783302946467	0.03408714614270507	-0.003971727619560069
0.6674710948603416	0.43489716658411853	0.1741117929702641	0.008298138465477464	0.03408714614270507	0.04605582507044636
0.8979506632892628
30	20
0.06793478741731715	0.20711263110024886	0.2343969729841314	-0.00011381561757995524	0.05661189471914665	0.003785618279703475
0.7175536234766065	0.5621357305991723	0.303385829293759	0.006908555333953684	0.05661189471914665	0.048045798438372866
1.584549196832591
30	21
-0.0006423161970330793	0.022512469331459506	0.09790594613004726	-0.012054591989521574	5.912555035234024e-05	-0.14961338083565426
0.6636637673943953	0.44352502625831686	0.17568165170152478	0.0032829891635952606	0.03639019338784613	0
1.4092064789676115
30	22
-1.2901226155018317	0.015573002557676859	-0.001091760639019822	-0.0057103651106923965	0.09204462619137979	0.02808372342055964
0	0.4372367265697142	0.17121181423595602	0.004606760896253632	0.09204462619137979	0.06347870203283379
4.727669501268038
30	23
0.06743718382729362	0.022515377923702007	0.02960905365916903	-0.0004782304930028592	-0.2781011240028394	0.054789240060173425
0.7135332568875141	0.4452205277124956	0.19476877524490482	0.008726947997131524	0	0.0678641733932738
1.2041119292663052
30	24
-3.7495744596913605	-0.015784240630376655	0.06193047939648563	-0.007844368579746902	-0.18312504033793567	-0.23116518527284846
0	0.42447682245610835	0.22027669344459408	0.003834984719502608	0	0
11.143146389384635
