11	0
0.0	-0.23073832819437434	-0.13691589226929227	1.8757076376039608	-4.114643510119325	0.0
0.0	56.54128913412836	56.56335218549903	13.579118385840882	0.2994496608550019	0.0
46.43603705327355
11	1
0.0	0.31247607433531294	1.18213540154749	1.2118691021552845	2.5452870329619453	0.0
0.0	56.757912754296	57.62757208150818	11.35896345489234	2.5452870329619453	0.0
39.03468640493837
11	2
0.0	-2.835030006521221	-1.35650793758523	5.661896139168868	-0.30328954035513733	0.0
0.0	56.445436679960686	59.29337243474523	15.695869740656345	1.8251807119246344	0.0
35.33870252240143
11	3
0.0	-2.4256033732807443	-0.9635701581500457	-3.8710303632469243	3.542779674198435	0.0
0.0	56.445436679960686	56.445436679960686	13.314201837082535	3.9733241518254268	0.0
59.42200771456046
11	4
0.0	-0.34875175354343146	0.5262719166112819	-21.0	-9.98767969518196	0.0
0.0	56.465746452601714	56.971708596571965	5	0	0.0
47.320645368405444
11	5
0.0	-4.446369237844633	1.77118803805033	-3.666559955684868	-0.6752647522580282	0.0
0.0	56.445436679960686	58.21662471801102	11.15727862572021	2.1004349715075517	0.0
57.77171535108245
11	6
0.0	0.5660443318689703	2.251000102547694	2.1038028514775857	-0.4808887372135422	0.0
0.0	57.01148101182966	58.69643678250838	12.60192155412884	1.5004330188854207	0.0
39.34112620366315
11	7
0.0	-0.09544554976290945	-0.6815532823078998	1.8918102641237295	1.5933884636404527	0.0
0.0	56.56780068005114	57.30764159950668	13.36869867415404	2.104747558575304	0.0
37.78042399442471
11	8
0.0	0.16624418965946552	-11.452462633853727	-21.0	-3.30140890203943	0.0
0.0	56.61168086962015	56.445436679960686	5	1.033375264503749	0.0
63.8660405921471
11	9
0.0	1.7285528651723554	-8.880800336511014	-6.456375028303445	-18.604733647184215	0.0
0.0	58.17398954513304	56.445436679960686	8.30175640589379	0	0.0
81.97761616295188
11	10
0.0	-0.3121643612554222	-5.1031897056118405	-0.7062487236342424	-10.23336400320519	0.0
0.0	57.39375580976805	56.445436679960686	13.240410354577389	0	0.0
58.803784955443355
11	11
0.0	0.419352646479119	-5.608926792954865	-21.0	-3.0972122457572793	0.0
0.0	56.864789326439805	56.445436679960686	5	3.3215890578394873	0.0
76.0057257732756
11	12
0.0	0.15250420617712226	-5.913542091102453	0.5296817676888707	1.9607196073750213	0.0
0.0	56.597940886137806	56.445436679960686	12.897028139238039	1.9607196073750213	0.0
75.39086195646112
11	13
0.0	-2.848764329222962	-4.499505978064809	2.325752297521247	-1.1724136241005518	0.0
0.0	56.445436679960686	56.445436679960686	14.428121908982005	4.922087761663345	0.0
105.0781767051964
11	14
0.0	0.18465320547597944	1.770152393533112	-0.5197048865452334	-9.704635113524358	0.0
0.0	56.63008988543667	58.215589073493796	12.685380817997919	0	0.0
49.458770635019604
