4	0
0.0	11.91845061363606	-17.659880744919263	-3.7664223277144497	-108.40769388576796	0.0
0.0	68.36388729359675	56.445436679960686	5.374956853442207	0	0.0
110.01657136557816
4	1
0.0	-67.87652161853326	-41.58144631555339	-0.914601650513662	-39.78928886058516	0.0
0.0	56.445436679960686	78.24568676767885	6.508960507623292	1.1970237975008047	0.0
39.03468640493837
4	2
0.0	9.27410135107732	28.863952491991736	-3.665717216725056	-21.268064980691857	0.0
0.0	65.71953803103801	85.30938917195242	5	10.853025577119315	0.0
277.3784009484998
4	3
0.0	-56.72262792748345	-10.819690321614303	1.8802268008912812	83.2295609631591	0.0
0.0	56.445436679960686	69.90521239271713	6.880226800891281	83.2295609631591	0.0
107.60277305651877
4	4
0.0	-21.49707849511406	-49.46998727270637	-2.6543787348471044	78.02538438098406	0.0
0.0	56.445436679960686	56.445436679960686	5.306122803242328	78.02538438098406	0.0
47.320645368405444
4	5
0.0	-9.277243884553416	-17.68173082369729	-8.044409788614297	-27.697074516255416	0.0
0.0	84.39508719457494	99.19812492252487	5	0	0.0
132.20994483254503
4	6
0.0	-137.5686902215406	-137.71754668842237	1.3649647187247185	-45.2146481422745	0.0
0.0	56.445436679960686	56.445436679960686	8.048374958861846	0	0.0
236.28806007309188
4	7
0.0	-12.728611319015814	-8.776064904054419	-9.096596883436016	-60.37150583533642	0.0
0.0	56.445436679960686	89.02382738208762	5	0	0.0
48.88657998025965
4	8
0.0	12.526796935847106	-1.041407998337931	2.063996070842377	21.61853559560049	0.0
0.0	68.9722336158078	80.61006638673058	8.613017002648007	21.61853559560049	0.0
63.8660405921471
4	9
0.0	-72.02778666911234	40.68391926572935	2.049356279724835	79.94416765679543	0.0
0.0	56.445436679960686	97.12935594569004	7.049356279724835	79.94416765679543	0.0
1338.8030171781277
4	10
0.0	17.7897559798943	-102.75005227040664	-19.665584366313347	85.62450821700524	0.0
0.0	74.23519265985499	56.445436679960686	5	85.62450821700524	0.0
58.803784955443355
4	11
0.0	15.456527147008421	39.553730392193835	10.05015097130002	86.954694930644	0.0
0.0	71.90196382696911	95.99916707215452	15.05015097130002	86.954694930644	0.0
76.0057257732756
4	12
0.0	9.609018867296724	-97.36714064035361	-19.69153015600361	-83.66275856737614	0.0
0.0	66.0544555472574	56.445436679960686	5	0	0.0
135.80090688340113
4	13
0.0	9.005391309305718	56.57685972916978	-21.0	-129.3917041411475	0.0
0.0	65.4508279892664	113.02229640913046	5	0	0.0
1293.1639106031253
4	14
0.0	-38.97977234112819	-213.26704787121295	-14.369266144142633	-315.09384709789873	0.0
0.0	56.445436679960686	56.445436679960686	5	0	0.0
107.57768519990196
