17	0
-0.9341773933344868	0.4222665114151266	65.96194235889526	0.6547787740020525	0.22070703030541383	-0.18401038298196887
149.0658226066655	16.442796245999645	489.15200324860314	70.79312541533221	80.3220997286203	244.53770515230755
1207.291074567215
17	1
-0.05145447482496532	-7.396288074362623	4.315217903157485	-3.946735270374587	-0.12409294790703827	0.774256761635189
149.35342101176494	12.864946048700403	454.1410741482471	69.27289590524302	80.20886769213445	244.84149919578215
1180.5415774965318
17	2
-2.804398497067277	-1.0247783426534514	71.97409295044073	-12.0	-0.7193915691464512	2.692070721266671
147.19560150293273	15.392182651176785	496.27841602021374	60.62089487638069	79.8002559544253	245.43975861121046
1189.925205263952
17	3
-0.6003410737735226	-3.7369269902441804	32.18121495283694	-0.7120068985796644	0.1461225056514197	-2.071814439373223
149.39965892622646	17.638646919400344	461.68544654321	71.24523593573551	80.09516590130242	243.1420617079907
1216.9493776571376
17	4
0.32187692918023686	6.476365814587494	447.0	-0.0037721103299991608	-0.11340251335877274	0.5088889404364473
149.54593352093102	19.570139665449886	862.2918700421511	70.34083080031407	80.14906839864618	244.19986548055041
1276.2403646864877
