32	0
0.0368548936724227	-0.026770547415832773	-0.254283608899916	0.0018273631485655887	-0.015700080765249744	0.01643563030443817
0.6686737073392185	0.42078144811004925	0.003812881582455019	0.0018273631485655887	0.012526945831110223	0.01643563030443817
1.769289898806475
32	1
-0.011810182506213364	0.1768388307588008	-0.012673440842381235	0.001579814474276495	0.06470315788547894	0.039470208194069295
0.6508099351197073	0.5224895789865069	0.1708062391416376	0.002804038566665799	0.06470315788547894	0.039470208194069295
1.5690253988109868
32	2
0.004938535335648092	-0.03368844262058324	0.02953841641197768	0.0031662108264325847	-0.10049860449287046	0.0198852307569019
0.6599871800896223	0.42968963265802	0.19453286272720302	0.0031662108264325847	0	0.0198852307569019
0.9555607990944727
32	3
-0.009865100264888143	-0.4792656009559891	0.022243842141369374	-0.016691734647771277	-0.13171656855726716	0.005908395536045773
0.6531881139419923	0.131265864800663	0.1390483383126999	0	0	0.009185376796497953
2.406624158853805
32	4
-0.3749539344256334	-2.0091844848444484	0.004812198108961031	0.004083843877706847	-0.05261465640356087	-0.029846272788202254
0.4704610391772175	0	0.17321463006830531	0.004083843877706847	0.016284656969435866	0
7.748977904883732
32	5
0.0032437103035981314	-0.1736786426072157	0.04772743903442292	0.001484212849207464	-0.06326268979340083	0.028972618088510406
0.6571766196821721	0.42277429194510396	0.138902624725849	0.001484212849207464	0	0.028972618088510406
1.1426834744647543
32	6
-0.2985994063514396	0.8120454255437666	-0.0009748754480735794	-0.0013063240728098478	-0.03472549231379115	0.018480469805685327
0.49795836099875584	0.9665469665694544	0.1751810942400369	0.0025407627402076905	0.0027868260553338964	0.018480469805685327
3.9127290201123746
32	7
0.5125249297967494	-0.006450030401317719	-0.2530834315217465	0.002094904536113485	-0.02208724599424142	0.029257649372299986
0.64125583928514	0.43726597422757413	0.009940461018032143	0.002094904536113485	0.028456952811476793	0.029257649372299986
1.999792612281211
32	8
-0.01650990736403633	-0.1937083984228443	0.006882545282378098	-0.0033961966134360413	-0.1593776078085119	-0.10844631794274816
0.6477540754167668	0.4838410897555705	0.18060739985256438	0.0002764260698984722	0	0
3.4372644923633455
32	9
0.004532815569066635	-0.0332460092751443	0.01213795249642297	0.009504545904991554	-0.06696300333697688	0.024877931673558597
0.6680894735372189	0.4181041522819398	0.17141158555312586	0.009504545904991554	0.07522413274732961	0.024877931673558597
0.9699218445350745
32	10
0.23020172051383667	-0.03255374476470127	-0.3821471460194626	-0.008437762322215898	-0.07983172804843996	0.02955543150426318
0.7528566135861505	0.41510303947928895	0.023838895788077352	0	0	0.02955543150426318
8.852644390945162
32	11
-7.544986829699138e-05	-0.005843034695605938	0.00985492593175951	0.002378137722293864	-0.1293575381602959	0.028857304437900855
0.6579861774895956	0.38848417545641395	0.18188382914600365	0.002378137722293864	0	0.028857304437900855
1.3287183327313667
32	12
0.0017797615251597995	-0.0010169579728159408	-4.75386321439081e-05	0.0017000559219345211	-0.003939910891515478	0.00944779735657031
0.6598994713193382	0.4372336037339052	0.1756679107083239	0.0017000559219345211	0.01756615292680045	0.012775911507258065
0.7562428835776199
32	13
0.13970961070250715	-0.02294222846912914	0.0022442249088271493	0.0028542318247835896	-0.22318563644032705	-0.043624912390686096
0.7468224962216135	0.4375499282975403	0.17648109056140085	0.0028542318247835896	0	0.007988539566942017
3.024841121324278
32	14
-0.023475278101311774	-0.0075047384940242455	0.014809213470544	-0.003597100278016115	-0.028727441634941082	0.024738906155187368
0.658803527755404	0.4328638065828573	0.18489703454790626	0	0.08378236150627598	0.024738906155187368
1.0407208968664434
32	15
-0.09130815730094356	0.000497415355857548	0.002398906685034945	0.0010937397283900736	-0.24811523416711773	0.010145253081720183
0.6038349591608865	0.437374703012673	0.17720515407064188	0.0023084044017998876	0	0.010145253081720183
1.0865811652998665
32	16
0.16404683652798782	0.011770566295807259	-0.0004133352673270847	0.00337514353388925	-0.08312936253673682	0.011405906145664068
0.7648182052918291	0.44365370529481024	0.17561490508540661	0.00337514353388925	0	0.011405906145664068
0.8764542781228087
32	17
-0.3740058035481152	-0.1767882526214958	0.004890144896980178	0.007010902058612616	-0.0908667853915915	-0.046901804575930454
0.40908959130438327	0.3259561500336384	0.18167872077225625	0.007010902058612616	0	0
2.5045591080075438
32	18
-0.008464539034165854	0.0034346102951246173	0.001154301454567687	-0.002493431823890966	-0.03919268894969249	0.026509141389728128
0.6554958348378147	0.4394966575315986	0.1761296977723143	0.005581061169741172	0.033107024225050664	0.026509141389728128
1.0266199422731215
32	19
-0.026577602593723042	-0.0060184065241375645	8.113272881044508e-05	-0.01158331760272879	-0.026017041826464266	0.016121424917723056
0.6405805165395497	0.43469381354601094	0.17566782838275288	0	0.006721377168776594	0.016121424917723056
0.764639238139721
32	20
0.14429943761593303	0.215070793168723	0.09083505634089625	-0.010416626714088823	0.010002479804382704	0.0161122057846636
0.6815482488367349	0.3812799642890319	0.09083505634089625	0	0.019302779604018643	0.0161122057846636
1.584549196832591
32	21
-0.0005332589140894074	-0.0009314690110923461	0.049080381265106804	-0.005830734773531343	-0.02896526105695269	-0.026119298467888515
0.6632481808076023	0.4384692728657011	0.20682566363560692	0	0.007414100530068891	0.0012898729012033455
0.819428345210386
32	22
-0.0029280685746187265	0.0004800729219417624	-0.001098483386898166	-0.002192795715025785	0.056239098556014874	0.005190065713640764
0.288326477800914	0.43829558542814295	0.17562888387159942	6.002846077989184e-05	0.056239098556014874	0.016280821099184953
4.727669501268038
32	23
0.14714789961197028	0.004199966724947672	0.023912116945925186	0.0027883690843796194	-0.1860191407878075	0.03812344780048323
0.7090158695583578	0.441284679326204	0.1844619924504697	0.0027883690843796194	0	0.03812344780048323
1.2041119292663052
32	24
-0.4259732790238062	-0.11428724097848861	0.023548528969899715	-0.009998004253980496	-0.033065591713023854	-0.11849473726209009
0.6903595975142687	0.36853592484486386	0.11580568380903049	0	0.0031304259177501806	0
11.143146389384635
