10	0
-0.04194936808699056	0.001210570349136724	-0.00020064240926593796	-8.541302766946491e-05	-0.000879425144050872
0.37112246148252803	0.5008195908381498	30.00011123795502	249.99991458697232	99.99912057485595
50.416
10	1
-0.040745565536542384	0.0034172305140315624	-10.568911414731076	-0.023583760743350432	-0.014013792460349147
0.3825385635779056	0.4732479604483277	25.049303701025124	249.97641623925665	99.98598620753965
50.416
10	2
0.0007486262727987771	0.0290604448094642	-1.534832668538263	-0.17052978157650775	0.038417882680436756
0.40030267429836325	0.48755009946065514	29.119504104013906	249.8294702184235	100
50.416
10	3
-0.15	0.12260350067244002	2.569227542631488	0.03671217673246203	-3.156098563196473e-05
0.39433478138424943	0.4007294827894294	31.766984069859603	249.99596196292276	99.99984131798088
100.416
10	4
-0.0739874529906662	0.0028976707206391766	12.0	0.018558204106917636	-0.02293265050309594
0.35857538326501215	0.5014716335016642	49.515673956358704	249.96261880357494	99.94059061292954
50.416
10	5
-0.15	-0.15	-0.21704076513420575	-0.10405029476637631	0.07390619062630437
0.2882255559940603	0.448537789164339	30.025554128357072	249.89594970523362	100
81.344
10	6
-0.08037046418800128	-5.5110196831407157e-05	-2.1556202112975122	0.10319872923269227	-0.014476208202496519
0.41048799209845166	0.5000917560441798	32.346869548558175	250	99.9855237917975
50.416
10	7
0.0015455892943897862	-0.010825742072243343	-1.7975777459686555	-0.08163823343611812	0.23979357065251442
0.4009576960180092	0.4943347160570028	28.876255165604903	249.9183617665639	100
50.416
10	8
0.05813075730704389	0.007105817808026725	0.6808909767928173	0.08174135811576012	0.010097272679331724
0.4391191847625234	0.5034943678306963	30.40184252702234	250	99.99868010804633
50.416
10	9
-0.0011150128966418461	0.008124683293265152	12.0	0.013551035351569212	0.04884830162349469
0.39929882476878803	0.5047779174163869	38.52670843466022	250	99.88429948018906
50.416
10	10
0.0014751597454085589	-0.007105647812455985	-12.0	-0.25884916807240177	0.005156038921327351
0.4007440439872682	0.4994968158677862	16.660735056944166	249.7411508319276	99.99043512333007
50.416
10	11
0.13659089813741382	0.1332540263060497	0.558286406011464	-0.15404587465669156	-0.19928706479912775
0.49699197698338576	0.5912663768456938	30.196838140053725	249.8459541253433	99.80071293520088
50.416
10	12
0.013509163408685108	-0.06598685517675419	0.0030866988850193344	0.03700071482090603	0.025183975933963133
0.4054149714011392	0.450945799319718	29.999965522650914	249.9100003809001	100
50.416
10	13
0.05446363798313401	0.019984433187005775	-0.03719451610738847	-0.009076169267639683	-0.006980709521197964
0.4350919677501178	0.4993462595254879	29.97651383164398	249.99092383073236	99.9930192904788
50.416
10	14
0.031463283236058126	0.014082150229623558	4.0509631986491375	0.1786449721218173	0.18585036486336512
0.42791151607408634	0.49059370414361403	32.485165183515285	250	100
93.904
