13	0
0.0	-1.0506105854381824	5.42360262689199	7.4804943208932135	-0.013912497960196595	0.06366581610884135
0.0	97.21018916998499	200.14899793289436	16.888063575742734	2.766540785980817	244.65552319008677
1161.6782695952063
13	1
0.0	-2.3110476204429613	-7.964832418598558	2.966713702708367	-1.2548189387922	-0.07743288350996866
0.0	99.07416184603183	191.72293074261003	13.448472137371725	2.299768164852874	244.6407962487751
994.2914794646102
13	2
0.0	-0.3688432757991411	-1.7978608960382705	-3.577361553271965	-0.13525344114347948	0.2174415628182434
0.0	97.35242576575301	197.02329268243133	9.480580159525193	2.651151044320941	244.76077489862226
1050.1176079883382
13	3
0.0	0.26505658855441194	0.35083700754924685	0.3388295443605721	-0.020993786471390448	-0.0033632559840030504
0.0	98.0876500923949	197.65834460087768	11.858690894523608	2.7434951497375395	244.6136407977876
1004.7002365761346
13	4
0.0	2.57727777528997	0.5100320773735241	-0.0015693450101350545	-0.41015475684937974	-0.8277153035271649
0.0	99.87473313991246	197.87342563492683	11.74132263636193	3.537075907779659	244.11965230946544
884.4515524568144
13	5
0.0	0.1393692816383519	-0.013272132853506154	10.741258709862466	6.025591825840018	-0.061742912087464616
0.0	97.87664369513804	197.3893015570301	15.741258709862466	6.025591825840018	244.61397796068542
1437.429347423326
13	6
0.0	0.3195865261387566	-0.028374250822499957	-4.3473260672560015	-1.936640290094622	-0.6900039363285039
0.0	98.12498236887494	197.3855365766759	8.830726935412983	2.2052830283425253	244.23347071348567
1200.5810011674366
13	7
0.0	-1.2440216392924677	11.837945307251788	2.2582851947367555	-0.03050508977079255	-0.26453153102563187
0.0	97.28336164308485	205.2880719157457	12.45361736399282	2.722016868623784	244.47716414365203
910.1717104564597
13	8
0.0	2.0619760370132796	0.07474280913365527	-0.2885620518117278	0.5713275826621785	-0.060067981510360385
0.0	99.33729106181761	197.44027357935792	11.656640531022317	3.154402455172013	244.5701862628808
1398.246199546901
13	9
0.0	11.184862717952779	-322.57569315238624	-0.5708794168138513	-0.20106950908205662	0.21416906759760224
0.0	105.88365083555504	94.07570833333334	11.70354796607358	2.702183551954581	244.75502959949122
912.4974522892558
