0	0
0.0	-80.02366109160809	131.4165943423537	8.391625755802533	-0.41310579094581634	8.70803300954205
0.0	119.97633890839191	331.41659434235373	38.391625755802536	59.586894209054186	208.70803300954205
6614.822704763857
0	1
0.0	-112.89085	-663.2338839095281	-13.5	-15.0	36.0
0.0	160.7728060492102	94.07570833333334	28.830176835180616	50.24076586889827	229.09679764979657
11201.637853209766
0	2
0.0	51.85720175206805	-663.2338839095281	-13.5	-15.0	-28.767764401291412
0.0	824.9081166599505	94.07570833333334	20.271149074470216	0	145.3883792584145
11551.588580340682
0	3
0.0	-112.89085	-663.2338839095281	-13.5	15.0	36.0
0.0	94.07570833333334	94.07570833333334	5	76.01013061133396	250
12267.230445386613
0	4
0.0	-112.89085	-663.2338839095281	-0.305979741076138	15.0	36.0
0.0	94.07570833333334	94.07570833333334	83.03643114870277	78.3172115408781	210.9086406900342
8573.687190272474
0	5
0.0	-112.89085	-663.2338839095281	-13.5	-15.0	36.0
0.0	235.96571047249665	94.07570833333334	5	54.250571855457295	250
11878.235415938005
0	6
0.0	-112.89085	-663.2338839095281	12.229168735885033	15.0	36.0
0.0	194.75770059032334	94.07570833333334	43.35882395213325	62.21261524062142	214.07924990273926
7697.804889533938
0	7
0.0	-112.89085	-663.2338839095281	-13.5	2.280815435207856	36.0
0.0	360.82471236842497	94.07570833333334	5	56.3408079300133	191.3775066171965
12274.586540966942
0	8
0.0	-112.89085	-663.2338839095281	-8.697105146642782	-15.0	-36.0
0.0	94.07570833333334	94.07570833333334	55.72497892937223	0	133.35375871487568
11068.762296736197
0	9
0.0	112.89085	-109.55390574968101	-4.923065942626085	-15.0	36.0
0.0	765.1547707953158	502.4380174082046	19.918382375478483	41.86940898504551	250
12917.96836118853
