0	0
-0.0	-80.02367765049155	131.4165943423537	8.391625755802533	-18.654349411965637	0.0
10	119.97632234950845	331.41659434235373	58.391625755802536	2239.163117786462	0.0
11200.0
0	1
0.0	-112.89087335992137	-663.2338809895381	-1.5086591466581165	-677.3452401595282	0.0
10	160.77281150586856	94.07572779993448	55.99572440429469	1894.1256297477216	0.0
11200.0
0	2
0.0	51.85720728179267	-663.2338809895381	-13.5	-677.3452401595282	0.0
10	824.9082821531141	94.07572779993448	43.15629973598452	0	0.0
11200.0
0	3
0.0	-112.89087335992137	-663.2338809895381	-13.5	677.3452401595282	0.0
10	94.07572779993448	94.07572779993448	19.315024746691137	3180.412097026324	0.0
11200.0
0	4
0.0	-112.89087335992137	-663.2338809895381	0.4877807445236826	677.3452401595282	0.0
10	94.07572779993448	94.07572779993448	83.8301916343026	3052.438557469878	0.0
11554.934518349733
0	5
0.0	-112.89087335992137	-663.2338809895381	-12.73693296559964	-677.3452401595282	0.0
10	235.9657212790953	94.07572779993448	41.87711918254997	1890.5960017181674	0.0
11200.0
0	6
0.0	-112.89087335992137	-663.2338809895381	13.5	677.3452401595282	0.0
10	194.75770927042106	94.07572779993448	79.62165654314717	2229.5977324443957	0.0
11200.0
0	7
-0.0	-112.89087335992137	-663.2338809895381	-13.5	-677.3452401595282	0.0
10	360.82475279544246	94.07572779993448	7.69256780158473	1270.4151915204732	0.0
11200.0
0	8
0.0	-112.89087335992137	-663.2338809895381	-3.3697372021266827	-677.3452401595282	0.0
10	94.07572779993448	94.07572779993448	61.052346873888325	0	0.0
11200.0
0	9
0.0	112.89087335992137	-109.55393472784192	2.666094045905103	-677.3452401595282	0.0
10	765.1549288134785	502.43800561643843	27.507542364009673	631.6693445697633	0.0
11200.0
