11	0
-14.10737315012846	0.40436282037331556	1.8416438934573838	-9.780946448892095	0.1562609124626716	-0.6514914853997056
0	0.40436282037331556	1.8416438934573838	0	0.1562609124626716	0.3776472846173269
251088.740090151
11	1
14.664562624661494	1.0275283165042188	-0.7015141409120432	1.634604191077727	-1.368716814260855	-26.19492994840194
14.664562624661494	1.0275283165042188	0.589178487893092	1.634604191077727	0	0
6650.0995458782945
11	2
1.016550907138875	1.204059469933235	-5.231358378180378	-9.712033143155864	2.1589369212263687	-1.256645649914828
1.016550907138875	1.204059469933235	0	0	2.1589369212263687	0
20537.244843128075
11	3
2.6718358156024635	4.47486170661398	-1.8562728812123563	-14.022769259424257	1.1217242748121945	-0.27907875151378125
2.6718358156024635	4.47486170661398	0	0	1.1217242748121945	0.14292456634287676
34557.65786407639
11	4
-5.56493862264597	0.7193183823028637	3.1093633342818134	-5.28278568676166	7.849989588109546	-0.5936795123128384
0	0.7193183823028637	3.1093633342818134	0	7.849989588109546	0
7798.562475580043
11	5
-2.4169928614279534	-10.161036657653813	-7.511612284841116	0.40435885763101864	-0.4693554505900477	-13.024473339780261
2.6998164546863626	0	0	0.40435885763101864	0	0
558.4491598705341
11	6
1.8088561006902473	-4.718029161587945	-10.492558390806396	9.17120497174359	-0.9144241160415345	1.4466600783641514
1.8088561006902473	0	0	9.17120497174359	0	1.4466600783641514
34419.0335412382
11	7
-1.557137479464976	0.7123259832248274	-1.2468314815765145	2.432627109129114	-0.9563956582257382	-2.4228143272445832
0	0.7123259832248274	3.9746258610911673	2.432627109129114	0	0
5.000205568979262
11	8
4.628990863635098	-2.319549732217439	-28.774909500785174	6.714766395362801	-5.047292412749523	4.2082552133224675
4.628990863635098	0	0	6.714766395362801	1.5745214572415813	4.2082552133224675
945246.5945968133
11	9
4.3784116753769675	-12.197005396789722	-1.3890197458761242	1.6040559606013558	0.47870453420368525	2.550589802888244
4.3784116753769675	0	0	1.6040559606013558	0.47870453420368525	2.550589802888244
94251.94910095025
11	10
-28.76095718813018	-4.546811868777698	-0.6488256920318247	-4.856197772382033	-9.430064140752156	-0.9494394190536384
0	5.000122771996307	0	0	0	0
1315.185099561063
11	11
-3.1999538044773095	-9.572912665037114	-45.942048957645454	3.546106320769128	1.5629986046895785	2.9613009323962998
0	0	0	3.546106320769128	1.5629986046895785	2.9613009323962998
978760.2389494986
11	12
2.984957660252005	-0.5252547758148479	-5.111065864312487	0.8261811679970089	-0.9862165716542635	-0.13715739053338472
2.984957660252005	0	0	0.8261811679970089	0	0.534193156297565
5.000368764342416
11	13
-0.7958477224629323	-8.475162368850615	-0.008705018401293618	2.7991832103581684	-1.8666423866684918	-11.580618854641251
0	0	0.17427122387411503	2.7991832103581684	0	0
18730.189629761575
11	14
-3.2714953499164188	-76.94746337474525	4.65780076833945	5.552022683969954	5.4103298253976755	29.42653505323428
0	0	4.65780076833945	5.552022683969954	5.4103298253976755	29.42653505323428
4888279.968589765
11	15
-3.096437562211513	-3.1692023469918857	2.7628856087804436	-38.53565378767551	-12.785350178243283	3.343352320497006
0	0	2.7628856087804436	0	0	3.343352320497006
62004.87712854933
11	16
-1.0549031847180972	-0.4919601145676552	-4.638272036216774	10.896711413992533	-5.987755158979614	6.563647557281034
0.25253511244807036	0.010373413252812269	0	10.896711413992533	0	6.563647557281034
2540.8510069189438
11	17
-2.5084638783227122	-2.8666479989075224	2.3132898968951117	-5.529531188940427	-15.004608053317416	0.7371110206067156
0	0	2.3132898968951117	0	0	0.7371110206067156
24770.579617961746
11	18
-16.001026090344002	1.0267165956012696	5.250060678874935	-9.485467112487374	-0.02062497007785647	-2.678602643327638
0	1.0267165956012696	5.250060678874935	0	0.015885830107817404	4.978029013890655
313557.98841678916
11	19
-4.643022560097798	0.12022001108736735	1.339808583926004	-0.08611116216324417	-8.199079099830731	2.456930789464039
0	3.231241484787869	1.339808583926004	0	0	2.456930789464039
273180.0957400732
11	20
1.8151935107616073	-0.5256122046130016	-17.117482944346754	1.0970493971297761	-4.179356373108589	-6.13758289885735
3.594404286001059	0	0	1.0970493971297761	0	2.8005816223936906
144804.34993640578
11	21
-1.9199735574194707	3.3672591171391155	-2.451543144686348	4.743770101375141	3.1889073521088527	-3.5753750519153256
0.1494479372720252	3.3672591171391155	0	4.743770101375141	3.1889073521088527	0.06861910531846771
4439.318919442651
11	22
-7.515314673095985	1.8978671869198709	-13.526813479692951	0.15363428711120472	-3.1721713725492986	-0.23946203450882445
0	1.8978671869198709	3.9007701593706052	3.0076538312951286	0	0.13162354571216237
535742.1423799206
11	23
-1.1420227770859341	0.09435236835294343	1.2734837490843323	0.4721360110644013	10.785151522561037	-5.304442303555443
0	0.09435236835294343	1.2734837490843323	0.4721360110644013	10.785151522561037	0
296.04606351667064
11	24
1.381517755387906	0.08766679602153037	5.016234147679135	-4.5338641668416	1.555884662429829	-9.233465287951207
1.381517755387906	0.08766679602153037	5.016234147679135	0	1.555884662429829	0
4779.9885119412675
