3	0
0.0	17.38407917839879	-199.58943995984308	21.0	1.002318229251998	0.0
0.0	79.65428728555551	56.445436679960686	113.90401133546875	1.002318229251998	0.0
5130.369161739076
3	1
0.0	5.920037412795663	-240.79809036755654	21.0	128.16148852510048	0.0
0.0	85.8072729126711	56.445436679960686	145	128.16148852510048	0.0
5187.162059380579
3	2
0.0	6.891378115989491	-232.80998352036013	21.0	90.42201213631085	0.0
0.0	63.336814795950175	56.445436679960686	108.79856517687915	90.42201213631085	0.0
5272.6427727184
3	3
0.0	18.9312722026325	75.71282053849296	0.3168589713262639	100.31131372644178	0.0
0.0	75.37670888259319	132.15825721845366	93.4069405325769	100.31131372644178	0.0
4728.057528691167
3	4
0.0	-6.330254142035906	41.964260602342996	-1.2255167589876197	89.44012358877725	0.0
0.0	81.29780546224596	98.40969728230368	99.8611167543708	89.44012358877725	0.0
4681.552994260351
