13	0
0.1335275317464675	5.390229315602925e-05	5.4429239084627316e-05	8.719764489947204e-05	0.00030169863238992014
0.49498353203584167	0.49960754454275785	29.99999398272589	250	99.99973659223078
50.416
13	1
0.0007466698924798261	-0.023989231703528464	-0.8271188291795957	-0.0024898834303231166	0.0023797562643742888
0.40030593273186643	0.4843755815031056	29.898848521579275	249.99751011656969	99.99796323433763
50.416
13	2
-0.00026070634280784746	-0.0017410655866454791	-0.018948601050805258	-0.011325834484993757	-0.0024578736373912064
0.39997509397136877	0.49910778455856036	30.129458840902995	249.988674165515	99.9975421263626
50.416
13	3
0.051491597498582925	0.07424699885410183	4.254943812369393	-0.0016269116775916657	-1.0957930608637585e-05
0.4284117586033509	0.5217224865668105	31.57285859979593	249.9983730883224	99.99998904206939
68.256
13	4
-0.0020197690689477375	-0.005282907811999618	-4.1444587573902805	0.003241788730987064	0.031090162033738083
0.4051440306488263	0.5021306998033742	34.726739902365885	249.99618101817057	99.99646914536463
50.416
13	5
0.030072655616880477	-0.01716904119382565	0.06982017250948078	0.02186679751045867	-0.007227473478230507
0.4036918763476274	0.5002016080325935	30.04306302904652	249.99935677566407	99.99277252652178
50.416
13	6
0.0905194767265511	1.6159283333499443e-06	-4.48977251915052	-0.008589226041645198	0.007534237713788611
0.45522237899261786	0.4999920579492733	27.329189616538144	249.99141077395836	100
50.416
13	7
-0.0016399259911146695	0.02348400888466085	0.14709887317885822	0.018845146509467253	-0.01292525245703182
0.3992578363101197	0.5074843842059262	30.118818207758295	250	99.98707474754296
50.416
13	8
-0.05048564013584696	-0.019279851242795784	0.48812481331705837	0.016409203721428862	-9.36520321411695e-05
0.3745015677376105	0.4872174991745944	30.33214107575205	250	99.99990634796787
50.416
13	9
0.00010538410074865915	-0.011148801400189553	-2.2663968055247783	-0.0007947602162938171	-0.0060100416279661095
0.39973553175377297	0.49260354673873114	30.267653927684023	249.99920523978372	99.98091975175491
50.416
13	10
-0.0008564166151775303	0.004892720783329628	3.501900177747703	-0.02602518549008569	0.008842117764186518
0.3995007703158478	0.5005662068726515	23.986060855264	249.97397481450992	100
50.416
13	11
-0.15	0.007195791422584832	-0.15729240280829948	0.15209916012277158	0.14027536565741824
0.4431459745623635	0.43995904310787975	29.932805169545517	250	100
50.416
13	12
-0.015914392330460592	0.1154478010771752	-0.0007699464464979804	0.009544523460404459	-0.0016343530007207814
0.39151135894212086	0.5784263287557112	29.99970653327529	250	99.99836564699928
50.416
13	13
0.006476817273351717	-0.0014871885483747449	-0.0072725242871188485	0.0006185164245647673	0.010024638487816876
0.401355758995756	0.5024809638773263	29.994602391861953	249.9992111540771	100
50.416
13	14
-0.0040967080493053126	-0.01013946784818768	-0.7568125272678771	-0.01526559293367489	-0.016440071617340533
0.3980994185775181	0.4960148835571698	30.41349531719706	249.98473440706633	99.98355992838266
62.664
