7	0
-6.2478824014522445	-3.662904923063361	-56.06927103279219	0.044825893289999884	-14.25	-7.5
11.221076993964878	10	2015.8688552369154	46.530932182080115	74.03076722298223	200
3654.4557820467244
7	1
0.41235125813570905	-1.935064197265653	447.0	12.0	0.42684405368889944	0.5252513862705136
14.08793286200915	10	3000	58.36097896351165	85.58098405677553	206.01292334823037
3666.869217690918
7	2
-2.997524527525579	0.25904102403965246	-225.34843411308282	12.0	-14.25	-0.7709663669296887
11.752661205052044	10.259041024039652	1901.1075435251728	52.7737984369453	60.497340364695226	206.269191137732
3704.235567424734
7	3
0.18387278688450268	1.034297062561019	-447.0	6.773949892314885	-0.6196934057119337	0.25540680449443853
13.942849139082053	11.03429706256102	1090.03861631808	50.386870996049964	83.96676606748656	206.23034444221778
3375.2006603057052
7	4
-0.8813326198252953	0.4948767028691923	-447.0	2.2746594075877793	-8.691714203406026	-1.4013906840927186
13.316279898463366	10.494876702869192	1525.3157202849989	46.476092491014896	87.5140606945216	212.85090149747387
3491.7959788567514
7	5
5.720985412231691	-0.23422305875713934	-27.049400813980824	-2.393860053353552	-3.047813180925309	1.3418477518570802
17.826982746422175	10.501711613003406	2060.4681351080394	50.848051347692454	89.99211722014779	206.98075904115643
3612.639712933885
7	6
0.40005272054252794	0.2214029964038251	162.1587294268355	6.911636617773272	-11.141582536847796	0.6113401570786967
13.93734788372485	10.221402996403825	2105.3075905354553	50.08193356226879	77.41192478335157	205.0664369510847
3636.220489568163
7	7
2.1378088150238685	0.4859352980675654	-42.432522116311404	12.0	-14.25	7.5
14.465910540068426	10.485935298067565	2057.0138102327974	61.389552594661374	72.75232024120038	218.40624543745955
3704.829687459571
7	8
5.7422181789634585	1.5079567794110698	2.2392338865590165	3.4174734924156267	0.03427144698597691	4.075001905045338
17.764425805701777	11.507956779411069	2050.0681249732525	48.33878632491083	84.7112489469606	208.87645540447093
3257.6996768868066
7	9
1.54974013043104	0.8646166381958993	-447.0	-8.361793704316023	-4.884683714960987	-1.0998079157784337
14.874147007786119	10.8646166381959	923.6428563985255	40.78947065091996	82.00272594508276	207.0987722301989
3775.6074305714073
7	10
1.5554689285311176	-0.48708817690573436	447.0	3.789128866596398	14.25	-0.3037066779607056
13.556497727877206	10.32033823806982	2823.1142678391006	47.09974999045089	95.30728811922869	205.8600345203204
3620.387186679561
7	11
-5.9976799994277386	-0.4708429719513951	-270.016222582029	-1.0485475460629163	14.25	-4.686009983751648
17.615293697870044	10	1914.5926662930342	50.403150391311684	84.33226732122051	203.4249857493833
3582.88399084943
7	12
-2.172472520964275	0.49614695006349174	447.0	10.89664990279591	-10.531606950693275	-0.650056222008288
12.872632659279146	10.496146950063492	3000	35.15778741122653	77.25123859991264	205.85701317611105
3389.4609849293247
7	13
-0.621598075412697	0.26263933856356925	2.249389898813309	-12.0	3.747502894462084	-1.056341015511995
13.610258304675016	10.26263933856357	2093.6010039252087	32.60884837537901	85.15374942917109	205.4812493648977
3669.0120413529407
7	14
-4.525104099464149	-1.8710846907101857	-1.654373402635147	-12.0	2.1504730194247457	-3.082392663041471
11.901483114033965	10	2033.2589183084058	10	86.92202338790338	205.6667012117815
3762.6381026187723
7	15
0.9930169378717196	-2.461327711951275	-17.16391850195707	12.0	14.25	0.3788710453859763
14.49627223441366	10	2043.6037767652247	53.015177790424076	97.75383443250121	206.12550136031797
3716.2187969817824
7	16
-4.560206294865247	-2.508207261057458	340.49157201919047	12.0	-9.693328024809901	1.0187483375142912
11.091689853612213	10	1681.6673993727125	62.76395334765891	90.3066719751901	206.74251260594514
3624.25536707943
7	17
0.372628399241235	-0.5133399249180305	-337.9672294481499	12.0	-4.979837413133489	0.5816345196888479
13.985143943169584	10	2662.0327705518503	52.62525636803509	82.74296224689505	206.70280661854423
3664.8759986919445
7	18
0.03750258634955282	-1.4558438480785094	-25.189093632909213	-4.3851603189449015	14.25	-2.3989262917275016
13.856996423615508	10	2074.4726207178473	45.00190242586494	100	204.32647801503046
3447.1396987047183
7	19
-6.174302536619409	-1.4347360053298437	-52.56598604597825	-0.8879049405090168	14.25	-0.4556518181381446
10.043395219597025	10	2030.7940500423574	45.25979392501111	100	206.1206042479402
4008.5392873309975
