4	0
5.7968288379230675	-2.3351402017168432	-0.37103287499948223	8.746972682305096	14.25	7.5
15.796828837923067	14.679658612496961	2066.3026163777263	49.94962948740638	99.52323129701662	213.3990453616651
3654.4557820467244
4	1
-0.70480704	5.6223667490421585	-447.0	-12.0	14.25	-0.8192911132078786
13.14239296	15.622366749042158	1459.4948044002863	12.373781869270424	100	205.16358991833286
3951.1782456775254
4	2
4.253190942828803	-5.072940018506088	-51.916495601420266	-2.3326873858751282	9.935236650618883	7.3034751460762
14.253190942828802	10	2582.1641594428265	44.38023762684826	67.90265013520954	210.68136738709936
3704.235567424734
4	3
-0.70480704	-14.835317990795188	447.0	12.0	14.146454619493392	-2.454613259045657
13.14239296	10	2287.008823727464	76.40135965023916	77.02621227998436	205.61070893730454
3673.574945628236
4	4
6.62242360091151	-7.440612923811814	-447.0	0.384818116445034	1.1610024551655538	7.5
16.62242360091151	10	2499.2010393062274	35.942872797579696	55.08937884606106	216.9110908568537
3826.294454226073
4	5
-0.6768392373953572	-9.185419278778681	-447.0	12.0	14.25	-0.07133550930002205
13.056421060951351	10	1691.0829060673395	58.976098761921406	100	203.86470070505925
3612.639712933885
4	6
-0.70480704	4.927951142200794	-238.80269670867915	-1.1398292310577611	14.25	0.20505606418992206
13.14239296	14.927951142200794	1935.4084980068858	41.81128469104227	100	205.43422680176653
3750.5995281238506
4	7
-0.70480704	-7.225406493401366	97.34488588657075	12.0	14.25	-0.31039735241153066
13.14239296	10	2133.9324177592107	85.10461535679649	100	203.58307852719565
3704.829687459571
4	8
-0.70480704	5.475308729296909	-2.181206444716573	-2.1984	-2.6106	-1.1126983432578568
13.14239296	15.47530872929691	2046.6027253614968	44.24626630572994	82.12127228327005	204.96098256972172
3257.6996768868066
4	9
-21.0	-7.7542614143631035	447.0	12.0	14.25	4.404750717970878
10	10	2572.250715351371	51.80005616263772	100	205.641284703142
3775.6074305714073
4	10
-0.70480704	-9.774790368309574	-447.0	12.0	14.25	4.18167947642687
13.14239296	10	1004.8528402631077	34.95864338926266	71.26180983603939	205.7847607758092
3996.33930304389
4	11
7.421328316428873	0.5751608102983385	233.80085363693567	1.1536169949815256	14.25	3.359839646277526
17.421328316428873	10.575160810298339	2169.089081371603	39.65040195481935	67.23858223449747	206.5318260972705
3740.7272020644104
4	12
10.943249466680527	-4.4685052361133275	-447.0	12.0	8.693642480232047	3.6602235720720717
20.943249466680527	10	1411.7477224764032	36.32766793402266	86.6823539919575	206.31499507606384
3389.4609849293247
4	13
3.6444966283342906	-2.831621758811286	447.0	12.0	14.25	2.9386731651830478
16.052099277568484	10	2883.594095659917	55.19848750657661	100	206.88230361832208
3669.0120413529407
4	14
12.382044595483404	3.5139466299563655	309.66855412377845	12.0	-7.154714542064441	7.30243769689011
22.382044595483404	13.513946629956365	2124.622801837255	76.0552045263328	79.07804158443652	210.79608732626733
3762.6381026187723
4	15
-0.70480704	5.230685157544803	178.86767888281616	12.0	14.25	3.1804893944961807
13.14239296	15.230685157544803	2118.5251421255484	71.09112728939719	100	204.1259038363033
3716.2187969817824
4	16
13.209160658040547	2.819050086556557	-447.0	-1.9799770283089708	14.25	1.0670672858244479
23.209160658040545	12.819050086556556	1936.9405570187441	37.937492843398964	100	203.4912451490904
3624.25536707943
4	17
-0.70480704	0.7338862267114625	447.0	12.0	14.25	2.6387914101222387
13.14239296	10.733886226711462	3000	90	100	203.8472356214396
3664.8759986919445
4	18
-0.70480704	-9.913821302157638	-108.04085309408136	7.365833074234999	4.517740542784732	7.2002881971771275
13.14239296	10	2086.954671842163	46.410887499241625	72.61352691682947	210.51041154153035
3447.1396987047183
4	19
5.143614749181641	2.2526465105513114	-447.0	12.0	4.822623813237726	-2.6845449434840916
17.335456160931606	12.252646510551312	1902.6109889871013	59.90269792260469	66.67549698085362	204.28844894774488
4049.0466142268115
