12	0
-0.06041123811883046	0.0012405576430934676	-0.00012768108468835435	-3.419920214837263e-05	7.061613660886646e-05
0.36145600028937414	0.4995536422496018	29.999939553486804	249.99996580079784	99.99943489359839
50.416
12	1
0.003516711495183931	0.030602990584932762	-4.182638155522291	0.013591066759405659	-0.004416521926744445
0.3995592628393866	0.5083648132066341	30.72596735075887	250	99.99558347807326
50.416
12	2
0.0007003655182186665	0.0066088721204226215	-1.4765612465490388	0.061822240638612205	0.013416340815454184
0.4002358003141766	0.5008488501452059	30.1484074419538	250	100
50.416
12	3
-0.04823037175491753	-0.15	-3.9592952082284456	0.008880522257596429	5.9814031706537034e-05
0.376920161104768	0.4474754877127087	27.317914787426535	250	100
68.256
12	4
-0.08234070731357135	0.010980524034867387	12.0	0.005577258604935574	-0.03462101666910622
0.40716379971777406	0.5074136076153738	38.87119865975617	249.9929392294396	99.9653789833309
50.416
12	5
-0.00417768668767696	-0.0221134089984738	-0.043454478388691084	-0.022510021846383732	0.03945127444448967
0.3736192207307469	0.5173706492264192	29.97324285653704	249.9774899781536	100
50.416
12	6
-0.05992752943903431	2.585969041311713e-05	2.496016619131074	0.04688442162470086	-0.005463254417843881
0.3647029022660668	0.49999044202093995	31.818962135688665	250	99.99453674558215
50.416
12	7
0.003197067583675009	-0.02659921478470524	-0.32412259362555307	-0.003691094204170525	0.07055268808423483
0.40089776230123436	0.48400037532126533	29.971719334579436	249.99236565893156	100
50.416
12	8
0.05649106972541933	0.009036353487086923	-0.318106116683076	0.008546472829658085	0.0005112010488055104
0.42498720787345745	0.5064973504173902	29.844016262434995	249.99357145602286	100
50.416
12	9
-0.00048769655516231426	0.0076824856360453745	12.0	0.004338210787630006	0.04149721745768244
0.3996301476530243	0.5037523481389207	32.5340507332088	250	99.98692979338287
50.416
12	10
0.0005546192838995124	-0.006366937064222124	-12.0	0.14205887276247647	-0.00430844734790604
0.40035718693102534	0.4956734860893219	20.484160677516297	250	99.99569155265209
50.416
12	11
0.15	0.15	0.4986654161046259	-0.06154363060894729	-0.0813478392884064
0.5942346059983965	0.43276325168529495	30.090097572353816	249.93845636939105	99.91865216071159
50.416
12	12
0.015769692099140618	-0.0010139542077160515	0.001001993282671379	0.0008958210442068792	0.00892114083362872
0.40742575127258146	0.46297852767853603	30.000476479721787	249.9935363712402	100
50.416
12	13
0.015833589850995113	0.007289969014756414	0.00861553182213962	0.0018264644722523662	-0.004226612553742825
0.3948789417224043	0.503968152425701	30.00187491614907	249.99859263765254	99.99577338744626
50.416
12	14
-0.0013729490604216894	0.009719548769277614	1.790121150397971	0.08332747234538695	0.08973838219072344
0.4021961266268234	0.5061543514053575	31.170307844464936	250	100
62.664
